27 0.109375 0.09375 0.07211538461538461 0.13341346153846154
15 0.5192307692307693 0.11778846153846154 0.06009615384615385 0.09975961538461539
17 0.5661057692307693 0.12139423076923077 0.06009615384615385 0.10216346153846154
25 0.22716346153846154 0.2608173076923077 0.06971153846153846 0.11778846153846154
25 0.2776442307692308 0.265625 0.06009615384615385 0.11778846153846154
15 0.3317307692307692 0.2668269230769231 0.06129807692307692 0.10697115384615384
15 0.3786057692307692 0.2668269230769231 0.054086538461538464 0.1045673076923077
15 0.42788461538461536 0.2692307692307692 0.056490384615384616 0.10336538461538461
35 0.47596153846153844 0.27884615384615385 0.054086538461538464 0.09615384615384616
35 0.5240384615384616 0.2764423076923077 0.054086538461538464 0.09375
36 0.5709134615384616 0.2776442307692308 0.054086538461538464 0.09134615384615384
4 0.1310096153846154 0.6802884615384616 0.06370192307692307 0.14903846153846154
2 0.171875 0.11538461538461539 0.0673076923076923 0.08052884615384616
2 0.22115384615384615 0.11778846153846154 0.06850961538461539 0.0829326923076923
2 0.27283653846153844 0.12259615384615384 0.056490384615384616 0.08173076923076923
2 0.32211538461538464 0.12259615384615384 0.06129807692307692 0.08052884615384616
2 0.3701923076923077 0.12259615384615384 0.056490384615384616 0.08052884615384616
2 0.4206730769230769 0.12980769230769232 0.06370192307692307 0.07692307692307693
2 0.46875 0.125 0.05889423076923077 0.08052884615384616
29 0.11778846153846154 0.27403846153846156 0.06129807692307692 0.08774038461538461
29 0.16947115384615385 0.27524038461538464 0.06129807692307692 0.09014423076923077
29 0.3449519230769231 0.6947115384615384 0.056490384615384616 0.109375
29 0.39302884615384615 0.6923076923076923 0.05048076923076923 0.11177884615384616
29 0.44350961538461536 0.6911057692307693 0.056490384615384616 0.10697115384615384
35 0.49278846153846156 0.6838942307692307 0.06370192307692307 0.11899038461538461
35 0.5396634615384616 0.6850961538461539 0.06009615384615385 0.12259615384615384
35 0.5889423076923077 0.6838942307692307 0.06009615384615385 0.11778846153846154
19 0.109375 0.5336538461538461 0.06009615384615385 0.09615384615384616
19 0.15745192307692307 0.5276442307692307 0.06850961538461539 0.08653846153846154
19 0.20552884615384615 0.5288461538461539 0.06370192307692307 0.08774038461538461
19 0.2608173076923077 0.5264423076923077 0.051682692307692304 0.09254807692307693
19 0.30649038461538464 0.5336538461538461 0.055288461538461536 0.09014423076923077
19 0.3581730769230769 0.5288461538461539 0.06490384615384616 0.09014423076923077
19 0.40625 0.53125 0.054086538461538464 0.09014423076923077
19 0.453125 0.5264423076923077 0.055288461538461536 0.09735576923076923
19 0.5012019230769231 0.5288461538461539 0.06009615384615385 0.09495192307692307
2 0.5528846153846154 0.5276442307692307 0.056490384615384616 0.09375