28 0.19591346153846154 0.4519230769230769 0.07692307692307693 0.14783653846153846
20 0.25721153846153844 0.45072115384615385 0.0829326923076923 0.15865384615384615
20 0.3245192307692308 0.4495192307692308 0.07692307692307693 0.1502403846153846
3 0.3858173076923077 0.4519230769230769 0.078125 0.14783653846153846
20 0.4543269230769231 0.45552884615384615 0.07451923076923077 0.1466346153846154
25 0.5168269230769231 0.45552884615384615 0.07692307692307693 0.14423076923076922
25 0.5805288461538461 0.453125 0.06850961538461539 0.140625
30 0.6310096153846154 0.4519230769230769 0.06370192307692307 0.14182692307692307
17 0.2127403846153846 0.6502403846153846 0.07932692307692307 0.1502403846153846
17 0.2764423076923077 0.6514423076923077 0.07451923076923077 0.15144230769230768
33 0.3401442307692308 0.6490384615384616 0.078125 0.14783653846153846
25 0.4014423076923077 0.6490384615384616 0.06850961538461539 0.1502403846153846
30 0.4639423076923077 0.6442307692307693 0.06490384615384616 0.1466346153846154
30 0.515625 0.6454326923076923 0.06850961538461539 0.14783653846153846
5 0.5709134615384616 0.6454326923076923 0.07451923076923077 0.14543269230769232
28 0.22115384615384615 0.828125 0.0733173076923077 0.1310096153846154
15 0.27524038461538464 0.8293269230769231 0.06850961538461539 0.12980769230769232
3 0.33653846153846156 0.8245192307692307 0.07451923076923077 0.12860576923076922
3 0.3954326923076923 0.8233173076923077 0.07692307692307693 0.12620192307692307
15 0.45072115384615385 0.8233173076923077 0.06610576923076923 0.12980769230769232
15 0.5180288461538461 0.8245192307692307 0.078125 0.1310096153846154
15 0.5805288461538461 0.828125 0.07091346153846154 0.13581730769230768
30 0.6394230769230769 0.8305288461538461 0.06971153846153846 0.13822115384615385
2 0.20072115384615385 0.27283653846153844 0.07091346153846154 0.09975961538461539
2 0.2620192307692308 0.27403846153846156 0.07932692307692307 0.10697115384615384
2 0.32572115384615385 0.27163461538461536 0.06971153846153846 0.10216346153846154
2 0.38822115384615385 0.27163461538461536 0.078125 0.10216346153846154
29 0.4519230769230769 0.27163461538461536 0.08653846153846154 0.10336538461538461
29 0.5144230769230769 0.27283653846153844 0.078125 0.09975961538461539
29 0.5733173076923077 0.2764423076923077 0.0733173076923077 0.09975961538461539
2 0.6274038461538461 0.27403846153846156 0.07091346153846154 0.10336538461538461