19 0.12740384615384615 0.1502403846153846 0.10336538461538461 0.18870192307692307
19 0.21514423076923078 0.16346153846153846 0.1045673076923077 0.16947115384615385
2 0.3088942307692308 0.1658653846153846 0.1045673076923077 0.17548076923076922
2 0.3954326923076923 0.17067307692307693 0.0985576923076923 0.16826923076923078
2 0.4807692307692308 0.17908653846153846 0.09014423076923077 0.16826923076923078
34 0.5588942307692307 0.1814903846153846 0.10697115384615384 0.16706730769230768
34 0.6514423076923077 0.1814903846153846 0.0985576923076923 0.16826923076923078
2 0.7367788461538461 0.19110576923076922 0.10336538461538461 0.16826923076923078
2 0.8209134615384616 0.19471153846153846 0.09615384615384616 0.17548076923076922
19 0.10817307692307693 0.5841346153846154 0.10817307692307693 0.19831730769230768
19 0.21033653846153846 0.5889423076923077 0.10817307692307693 0.20072115384615385
34 0.30288461538461536 0.5853365384615384 0.11298076923076923 0.19471153846153846
19 0.4206730769230769 0.9110576923076923 0.11658653846153846 0.17548076923076922
19 0.5144230769230769 0.9086538461538461 0.12379807692307693 0.1814903846153846
34 0.6081730769230769 0.90625 0.12379807692307693 0.18509615384615385
34 0.7055288461538461 0.90625 0.11538461538461539 0.18389423076923078
34 0.8040865384615384 0.9050480769230769 0.11658653846153846 0.18629807692307693
5 0.4026442307692308 0.5444711538461539 0.1201923076923077 0.2608173076923077
5 0.5036057692307693 0.546875 0.11538461538461539 0.26802884615384615
5 0.6021634615384616 0.5492788461538461 0.11538461538461539 0.26322115384615385
5 0.7043269230769231 0.5492788461538461 0.10697115384615384 0.27283653846153844
5 0.8052884615384616 0.5540865384615384 0.11538461538461539 0.2608173076923077
5 0.0889423076923077 0.8581730769230769 0.13341346153846154 0.265625
5 0.203125 0.8629807692307693 0.125 0.26322115384615385
5 0.31490384615384615 0.8665865384615384 0.12259615384615384 0.2644230769230769