6 0.06610576923076923 0.18028846153846154 0.13221153846153846 0.2932692307692308
6 0.18509615384615385 0.18389423076923078 0.13341346153846154 0.2956730769230769
6 0.3076923076923077 0.18269230769230768 0.12620192307692307 0.2848557692307692
6 0.421875 0.1814903846153846 0.13341346153846154 0.28725961538461536
6 0.5348557692307693 0.18028846153846154 0.12740384615384615 0.28365384615384615
5 0.6514423076923077 0.171875 0.14302884615384615 0.30288461538461536
5 0.7692307692307693 0.17307692307692307 0.13822115384615385 0.3004807692307692
5 0.9002403846153846 0.17307692307692307 0.140625 0.28966346153846156
4 0.06610576923076923 0.6057692307692307 0.12740384615384615 0.28846153846153844
4 0.18870192307692307 0.6009615384615384 0.13822115384615385 0.2932692307692308
4 0.30408653846153844 0.5901442307692307 0.11057692307692307 0.30288461538461536
4 0.40384615384615385 0.5913461538461539 0.1310096153846154 0.29927884615384615
4 0.5228365384615384 0.5877403846153846 0.10697115384615384 0.2956730769230769
4 0.6298076923076923 0.5853365384615384 0.12139423076923077 0.296875
4 0.7451923076923077 0.5853365384615384 0.11778846153846154 0.28125
4 0.8581730769230769 0.5817307692307693 0.12259615384615384 0.28125
17 0.07211538461538461 0.9074519230769231 0.140625 0.1814903846153846
17 0.18870192307692307 0.9038461538461539 0.13341346153846154 0.18509615384615385
4 0.30528846153846156 0.9026442307692307 0.1346153846153846 0.19110576923076922
4 0.421875 0.9014423076923077 0.12980769230769232 0.19110576923076922
25 0.5360576923076923 0.8954326923076923 0.12620192307692307 0.20673076923076922
15 0.6310096153846154 0.9050480769230769 0.11778846153846154 0.18509615384615385
15 0.7295673076923077 0.9002403846153846 0.1141826923076923 0.19591346153846154
15 0.8269230769230769 0.8990384615384616 0.11778846153846154 0.1971153846153846