14 0.14423076923076922 0.49158653846153844 0.0733173076923077 0.13701923076923078
14 0.20072115384615385 0.49399038461538464 0.08774038461538461 0.1310096153846154
20 0.2692307692307692 0.49399038461538464 0.0733173076923077 0.13581730769230768
3 0.33052884615384615 0.49759615384615385 0.0829326923076923 0.140625
33 0.39663461538461536 0.5060096153846154 0.09014423076923077 0.13701923076923078
33 0.4723557692307692 0.5 0.078125 0.14423076923076922
32 0.5372596153846154 0.5060096153846154 0.06850961538461539 0.14543269230769232
36 0.6033653846153846 0.5252403846153846 0.08173076923076923 0.11778846153846154
36 0.6730769230769231 0.5288461538461539 0.0829326923076923 0.11658653846153846
6 0.7463942307692307 0.5204326923076923 0.08653846153846154 0.14182692307692307
4 0.8209134615384616 0.5264423076923077 0.08413461538461539 0.15144230769230768
28 0.1658653846153846 0.6550480769230769 0.07451923076923077 0.12860576923076922
32 0.22596153846153846 0.6598557692307693 0.0829326923076923 0.12740384615384615
32 0.28966346153846156 0.6634615384615384 0.08173076923076923 0.13701923076923078
30 0.3449519230769231 0.6646634615384616 0.06850961538461539 0.140625
30 0.40024038461538464 0.6694711538461539 0.07692307692307693 0.1346153846153846
30 0.4651442307692308 0.6742788461538461 0.07932692307692307 0.13822115384615385
27 0.5324519230769231 0.6754807692307693 0.08774038461538461 0.14543269230769232
6 0.6057692307692307 0.6850961538461539 0.08173076923076923 0.1310096153846154
6 0.6754807692307693 0.6826923076923077 0.08653846153846154 0.13822115384615385
33 0.7463942307692307 0.6875 0.07932692307692307 0.1466346153846154
4 0.8052884615384616 0.6959134615384616 0.09014423076923077 0.140625
36 0.203125 0.8762019230769231 0.08173076923076923 0.09735576923076923
5 0.22596153846153846 0.8329326923076923 0.07932692307692307 0.1201923076923077
20 0.30288461538461536 0.8149038461538461 0.09975961538461539 0.14903846153846154
3 0.3858173076923077 0.8064903846153846 0.11298076923076923 0.12860576923076922
4 0.5685096153846154 0.8834134615384616 0.09254807692307693 0.140625
33 0.6550480769230769 0.8810096153846154 0.11177884615384616 0.16826923076923078
21 0.09495192307692307 0.19831730769230768 0.10576923076923077 0.10336538461538461
19 0.16947115384615385 0.19951923076923078 0.08653846153846154 0.10576923076923077
19 0.24879807692307693 0.19831730769230768 0.10336538461538461 0.10697115384615384
2 0.33413461538461536 0.20072115384615385 0.10096153846153846 0.1045673076923077
2 0.4170673076923077 0.20072115384615385 0.09014423076923077 0.109375
2 0.4879807692307692 0.20192307692307693 0.07451923076923077 0.10817307692307693
8 0.5552884615384616 0.20432692307692307 0.09014423076923077 0.10216346153846154
34 0.6298076923076923 0.20072115384615385 0.0985576923076923 0.11298076923076923
34 0.7103365384615384 0.20072115384615385 0.0985576923076923 0.11778846153846154
29 0.7944711538461539 0.20673076923076922 0.09254807692307693 0.12620192307692307
31 0.8605769230769231 0.20673076923076922 0.06370192307692307 0.14302884615384615
10 0.1346153846153846 0.3389423076923077 0.09254807692307693 0.10216346153846154
10 0.19831730769230768 0.34615384615384615 0.06850961538461539 0.10576923076923077
21 0.2692307692307692 0.34375 0.0829326923076923 0.10336538461538461
2 0.3293269230769231 0.34975961538461536 0.0733173076923077 0.0985576923076923
11 0.39903846153846156 0.3485576923076923 0.08413461538461539 0.10817307692307693
4 0.45913461538461536 0.3473557692307692 0.06850961538461539 0.109375
11 0.5216346153846154 0.35216346153846156 0.09014423076923077 0.10817307692307693
4 0.59375 0.3545673076923077 0.08774038461538461 0.11057692307692307
4 0.6706730769230769 0.35336538461538464 0.09495192307692307 0.11298076923076923
34 0.7536057692307693 0.35216346153846156 0.10336538461538461 0.11057692307692307
34 0.8293269230769231 0.36658653846153844 0.09615384615384616 0.13341346153846154