11 0.07211538461538461 0.21754807692307693 0.13221153846153846 0.17668269230769232
2 0.19951923076923078 0.20432692307692307 0.12620192307692307 0.18509615384615385
2 0.3088942307692308 0.203125 0.140625 0.1778846153846154
34 0.4326923076923077 0.19471153846153846 0.12379807692307693 0.17307692307692307
10 0.5408653846153846 0.1875 0.12259615384615384 0.1658653846153846
10 0.6466346153846154 0.18028846153846154 0.11778846153846154 0.16346153846153846
2 0.7536057692307693 0.17668269230769232 0.13701923076923078 0.15985576923076922
2 0.8497596153846154 0.16826923076923078 0.1346153846153846 0.15985576923076922
2 0.9447115384615384 0.15985576923076922 0.10576923076923077 0.15745192307692307
36 0.026442307692307692 0.47836538461538464 0.051682692307692304 0.15384615384615385
36 0.09735576923076923 0.4699519230769231 0.13221153846153846 0.14903846153846154
33 0.19951923076923078 0.4483173076923077 0.11778846153846154 0.16706730769230768
33 0.2980769230769231 0.4423076923076923 0.1201923076923077 0.17307692307692307
25 0.4014423076923077 0.41947115384615385 0.11538461538461539 0.18990384615384615
25 0.49399038461538464 0.4098557692307692 0.10096153846153846 0.17548076923076922
5 0.5949519230769231 0.39302884615384615 0.109375 0.18990384615384615
5 0.6887019230769231 0.3870192307692308 0.11778846153846154 0.18028846153846154
5 0.7884615384615384 0.3762019230769231 0.11177884615384616 0.18509615384615385
5 0.8774038461538461 0.36538461538461536 0.09735576923076923 0.16947115384615385
36 0.039663461538461536 0.6838942307692307 0.078125 0.140625
36 0.11538461538461539 0.6694711538461539 0.109375 0.13581730769230768
15 0.20793269230769232 0.6550480769230769 0.109375 0.13701923076923078
15 0.29927884615384615 0.6442307692307693 0.09375 0.13822115384615385
32 0.38461538461538464 0.6213942307692307 0.08653846153846154 0.14302884615384615
30 0.46634615384615385 0.6069711538461539 0.0889423076923077 0.13581730769230768
30 0.5408653846153846 0.59375 0.08533653846153846 0.12740384615384615
30 0.6117788461538461 0.5805288461538461 0.0889423076923077 0.1310096153846154
25 0.6875 0.5697115384615384 0.09495192307692307 0.1310096153846154
25 0.765625 0.5649038461538461 0.09134615384615384 0.12980769230769232
5 0.12620192307692307 0.9110576923076923 0.16947115384615385 0.16947115384615385
5 0.2932692307692308 0.8894230769230769 0.15144230769230768 0.18509615384615385
5 0.421875 0.8725961538461539 0.1466346153846154 0.1971153846153846
5 0.5408653846153846 0.8473557692307693 0.14302884615384615 0.17668269230769232
20 0.6706730769230769 0.8149038461538461 0.13701923076923078 0.17668269230769232
12 0.7824519230769231 0.7944711538461539 0.1201923076923077 0.17668269230769232
5 0.8545673076923077 0.6225961538461539 0.07091346153846154 0.12740384615384615