30 0.10697115384615384 0.6069711538461539 0.07932692307692307 0.1502403846153846
30 0.16346153846153846 0.6021634615384616 0.0673076923076923 0.14182692307692307
30 0.20793269230769232 0.6021634615384616 0.05889423076923077 0.140625
30 0.265625 0.6033653846153846 0.06971153846153846 0.14302884615384615
30 0.31971153846153844 0.5997596153846154 0.056490384615384616 0.14423076923076922
30 0.3629807692307692 0.5997596153846154 0.06009615384615385 0.14543269230769232
30 0.41586538461538464 0.5973557692307693 0.06971153846153846 0.13581730769230768
30 0.4699519230769231 0.5925480769230769 0.052884615384615384 0.13221153846153846
30 0.5180288461538461 0.5949519230769231 0.051682692307692304 0.13581730769230768
30 0.5661057692307693 0.5901442307692307 0.04927884615384615 0.13822115384615385
33 0.6286057692307693 0.6009615384615384 0.05889423076923077 0.11057692307692307
33 0.6802884615384616 0.5961538461538461 0.040865384615384616 0.11658653846153846
33 0.7331730769230769 0.5961538461538461 0.04807692307692308 0.11778846153846154
33 0.78125 0.5985576923076923 0.055288461538461536 0.12620192307692307
5 0.8389423076923077 0.6021634615384616 0.06370192307692307 0.109375
20 0.13701923076923078 0.8653846153846154 0.09254807692307693 0.19831730769230768
20 0.21995192307692307 0.8617788461538461 0.0889423076923077 0.1935096153846154
20 0.30528846153846156 0.8545673076923077 0.078125 0.203125
3 0.38100961538461536 0.8497596153846154 0.08173076923076923 0.19951923076923078
3 0.46033653846153844 0.8461538461538461 0.0829326923076923 0.19951923076923078
9 0.5456730769230769 0.8449519230769231 0.07451923076923077 0.2091346153846154
9 0.6177884615384616 0.8401442307692307 0.07211538461538461 0.18870192307692307
9 0.6959134615384616 0.8365384615384616 0.07211538461538461 0.20432692307692307
5 0.7860576923076923 0.8185096153846154 0.078125 0.18269230769230768
10 0.0625 0.1875 0.0829326923076923 0.125
10 0.12620192307692307 0.18870192307692307 0.08173076923076923 0.1310096153846154
10 0.18269230769230768 0.19110576923076922 0.07451923076923077 0.11778846153846154
10 0.24158653846153846 0.18990384615384615 0.07572115384615384 0.12740384615384615
10 0.2980769230769231 0.19110576923076922 0.07451923076923077 0.12620192307692307
10 0.359375 0.19230769230769232 0.07572115384615384 0.12379807692307693
19 0.41346153846153844 0.1971153846153846 0.07932692307692307 0.11778846153846154
19 0.47115384615384615 0.19951923076923078 0.07211538461538461 0.11177884615384616
19 0.5252403846153846 0.1971153846153846 0.06610576923076923 0.11658653846153846
2 0.5829326923076923 0.19471153846153846 0.06971153846153846 0.1141826923076923
2 0.6394230769230769 0.19471153846153846 0.07211538461538461 0.1201923076923077
2 0.6911057692307693 0.19471153846153846 0.07451923076923077 0.11778846153846154
34 0.7487980769230769 0.19591346153846154 0.07572115384615384 0.1141826923076923
34 0.8052884615384616 0.19831730769230768 0.06971153846153846 0.11658653846153846
34 0.8569711538461539 0.19831730769230768 0.06971153846153846 0.12139423076923077
21 0.08774038461538461 0.42427884615384615 0.06971153846153846 0.11778846153846154
21 0.1466346153846154 0.42427884615384615 0.07932692307692307 0.1141826923076923
21 0.20432692307692307 0.421875 0.07451923076923077 0.11057692307692307
21 0.25841346153846156 0.421875 0.078125 0.11057692307692307
19 0.4230769230769231 0.4266826923076923 0.06971153846153846 0.10216346153846154
19 0.47475961538461536 0.42427884615384615 0.06009615384615385 0.09975961538461539
19 0.5252403846153846 0.41947115384615385 0.06370192307692307 0.0985576923076923
19 0.5721153846153846 0.41947115384615385 0.0625 0.09495192307692307
19 0.6165865384615384 0.4182692307692308 0.0673076923076923 0.09975961538461539
19 0.6634615384615384 0.4170673076923077 0.06610576923076923 0.09975961538461539
19 0.7139423076923077 0.41947115384615385 0.05889423076923077 0.0985576923076923
4 0.7548076923076923 0.4110576923076923 0.06971153846153846 0.10576923076923077
4 0.8088942307692307 0.41466346153846156 0.07211538461538461 0.10697115384615384
4 0.8629807692307693 0.40865384615384615 0.07211538461538461 0.1045673076923077