30 0.056490384615384616 0.48677884615384615 0.08052884615384616 0.16706730769230768
30 0.13341346153846154 0.48677884615384615 0.08413461538461539 0.1658653846153846
32 0.22596153846153846 0.4831730769230769 0.08413461538461539 0.15625
32 0.3004807692307692 0.47716346153846156 0.07211538461538461 0.15745192307692307
32 0.36658653846153844 0.4723557692307692 0.0829326923076923 0.15745192307692307
32 0.46033653846153844 0.4699519230769231 0.07211538461538461 0.15985576923076922
32 0.53125 0.4651442307692308 0.07572115384615384 0.15264423076923078
32 0.5961538461538461 0.46634615384615385 0.06370192307692307 0.16706730769230768
32 0.6622596153846154 0.46153846153846156 0.0673076923076923 0.14783653846153846
32 0.7307692307692307 0.45552884615384615 0.06610576923076923 0.15504807692307693
32 0.7908653846153846 0.45072115384615385 0.05889423076923077 0.15504807692307693
32 0.8533653846153846 0.44591346153846156 0.06129807692307692 0.1466346153846154
32 0.9182692307692307 0.44350961538461536 0.06971153846153846 0.14302884615384615
32 0.9759615384615384 0.44591346153846156 0.04447115384615385 0.14903846153846154
33 0.02403846153846154 0.7223557692307693 0.04807692307692308 0.13942307692307693
33 0.07211538461538461 0.7175480769230769 0.0673076923076923 0.1346153846153846
33 0.14302884615384615 0.7091346153846154 0.07451923076923077 0.13341346153846154
33 0.21514423076923078 0.703125 0.06971153846153846 0.12860576923076922
33 0.28846153846153844 0.6959134615384616 0.06971153846153846 0.12740384615384615
33 0.359375 0.6899038461538461 0.07572115384615384 0.125
33 0.42788461538461536 0.6814903846153846 0.078125 0.12980769230769232
33 0.5 0.6742788461538461 0.06610576923076923 0.12860576923076922
33 0.5600961538461539 0.6694711538461539 0.0673076923076923 0.11899038461538461
33 0.6286057692307693 0.6550480769230769 0.06971153846153846 0.12379807692307693
33 0.6862980769230769 0.6538461538461539 0.06610576923076923 0.1201923076923077
33 0.7548076923076923 0.6502403846153846 0.06370192307692307 0.12740384615384615
30 0.8173076923076923 0.6346153846153846 0.06129807692307692 0.13221153846153846
30 0.8737980769230769 0.6322115384615384 0.06129807692307692 0.12980769230769232
30 0.9399038461538461 0.6213942307692307 0.06971153846153846 0.12139423076923077
20 0.05889423076923077 0.9302884615384616 0.11778846153846154 0.1346153846153846
20 0.17067307692307693 0.9242788461538461 0.11899038461538461 0.14783653846153846
3 0.3076923076923077 0.9182692307692307 0.11658653846153846 0.16105769230769232
3 0.4170673076923077 0.9086538461538461 0.10096153846153846 0.17908653846153846
3 0.5180288461538461 0.9038461538461539 0.10096153846153846 0.18990384615384615
3 0.6117788461538461 0.890625 0.09495192307692307 0.18028846153846154
3 0.7103365384615384 0.8810096153846154 0.10096153846153846 0.19230769230769232
3 0.8028846153846154 0.8629807692307693 0.09254807692307693 0.18269230769230768
3 0.9086538461538461 0.8581730769230769 0.12259615384615384 0.18990384615384615
8 0.046875 0.15504807692307693 0.09254807692307693 0.14423076923076922
8 0.12139423076923077 0.15625 0.09975961538461539 0.14302884615384615
29 0.20673076923076922 0.15985576923076922 0.10576923076923077 0.14302884615384615
29 0.2860576923076923 0.15745192307692307 0.08653846153846154 0.13942307692307693
29 0.3713942307692308 0.15985576923076922 0.10336538461538461 0.13822115384615385
11 0.453125 0.1622596153846154 0.09975961538461539 0.13822115384615385
11 0.5300480769230769 0.15625 0.09495192307692307 0.13701923076923078
11 0.6057692307692307 0.15745192307692307 0.10336538461538461 0.12860576923076922
19 0.6790865384615384 0.15745192307692307 0.08413461538461539 0.12740384615384615
19 0.7536057692307693 0.15745192307692307 0.09495192307692307 0.125
19 0.8245192307692307 0.15384615384615385 0.0889423076923077 0.125
31 0.890625 0.15504807692307693 0.09254807692307693 0.1201923076923077
31 0.9579326923076923 0.15264423076923078 0.08052884615384616 0.11658653846153846
8 0.04927884615384615 0.28125 0.0985576923076923 0.12980769230769232
8 0.12740384615384615 0.2800480769230769 0.11177884615384616 0.12740384615384615
11 0.2127403846153846 0.2776442307692308 0.11658653846153846 0.12740384615384615
11 0.2956730769230769 0.2764423076923077 0.10096153846153846 0.12379807692307693
11 0.3641826923076923 0.27524038461538464 0.0889423076923077 0.125
10 0.44350961538461536 0.2704326923076923 0.10336538461538461 0.12139423076923077
10 0.5180288461538461 0.2704326923076923 0.08413461538461539 0.11899038461538461
10 0.5877403846153846 0.27163461538461536 0.08413461538461539 0.1201923076923077
29 0.6574519230769231 0.26802884615384615 0.09254807692307693 0.1201923076923077
29 0.7355769230769231 0.26322115384615385 0.0889423076923077 0.1141826923076923
29 0.8004807692307693 0.2644230769230769 0.08653846153846154 0.11538461538461539
29 0.8713942307692307 0.2608173076923077 0.09254807692307693 0.109375
29 0.9314903846153846 0.2608173076923077 0.0829326923076923 0.10216346153846154