5 0.12620192307692307 0.33052884615384615 0.09014423076923077 0.14302884615384615
5 0.21514423076923078 0.328125 0.09254807692307693 0.13942307692307693
5 0.2980769230769231 0.33052884615384615 0.09735576923076923 0.14302884615384615
5 0.3858173076923077 0.3293269230769231 0.10216346153846154 0.140625
19 0.13221153846153846 0.5637019230769231 0.09975961538461539 0.10216346153846154
19 0.2091346153846154 0.5625 0.09014423076923077 0.10216346153846154
19 0.28725961538461536 0.5649038461538461 0.09495192307692307 0.09975961538461539
34 0.3713942307692308 0.5625 0.09254807692307693 0.10336538461538461
34 0.44471153846153844 0.5625 0.10336538461538461 0.09735576923076923
34 0.5240384615384616 0.5625 0.09735576923076923 0.09615384615384616
34 0.609375 0.5600961538461539 0.09735576923076923 0.09735576923076923
34 0.6935096153846154 0.5600961538461539 0.09975961538461539 0.10096153846153846
34 0.78125 0.5576923076923077 0.09495192307692307 0.1045673076923077
34 0.203125 0.7475961538461539 0.0829326923076923 0.07451923076923077
34 0.2704326923076923 0.7512019230769231 0.078125 0.08173076923076923
34 0.34615384615384615 0.75 0.0829326923076923 0.08413461538461539
34 0.41466346153846156 0.7512019230769231 0.09014423076923077 0.078125
34 0.4891826923076923 0.7524038461538461 0.08774038461538461 0.07932692307692307
34 0.5757211538461539 0.7524038461538461 0.08533653846153846 0.07572115384615384
34 0.6514423076923077 0.7487980769230769 0.08774038461538461 0.07932692307692307
34 0.7283653846153846 0.7475961538461539 0.08052884615384616 0.08173076923076923
4 0.7163461538461539 0.9146634615384616 0.0733173076923077 0.06610576923076923
4 0.640625 0.9110576923076923 0.08533653846153846 0.0733173076923077
4 0.5697115384615384 0.9110576923076923 0.08052884615384616 0.06850961538461539
34 0.5012019230769231 0.9110576923076923 0.0733173076923077 0.07211538461538461
34 0.42908653846153844 0.9122596153846154 0.0733173076923077 0.07211538461538461
34 0.36658653846153844 0.9110576923076923 0.08052884615384616 0.0733173076923077
34 0.296875 0.9122596153846154 0.07572115384615384 0.06009615384615385
34 0.2247596153846154 0.9122596153846154 0.08533653846153846 0.0673076923076923
34 0.46153846153846156 0.34975961538461536 0.0733173076923077 0.09615384615384616
34 0.5324519230769231 0.34975961538461536 0.09975961538461539 0.10216346153846154
34 0.6081730769230769 0.34375 0.09495192307692307 0.10336538461538461
34 0.6838942307692307 0.3425480769230769 0.09735576923076923 0.10336538461538461
10 0.7608173076923077 0.3389423076923077 0.09014423076923077 0.109375