19 0.039663461538461536 0.17548076923076922 0.07572115384615384 0.13822115384615385
19 0.109375 0.1778846153846154 0.09254807692307693 0.13221153846153846
13 0.18629807692307693 0.17908653846153846 0.10576923076923077 0.13221153846153846
2 0.2704326923076923 0.1814903846153846 0.09495192307692307 0.13341346153846154
2 0.3485576923076923 0.17908653846153846 0.0889423076923077 0.13221153846153846
11 0.5084134615384616 0.18269230769230768 0.09975961538461539 0.13581730769230768
15 0.07451923076923077 0.3858173076923077 0.10336538461538461 0.171875
15 0.14783653846153846 0.3858173076923077 0.08173076923076923 0.16826923076923078
15 0.21153846153846154 0.38822115384615385 0.08533653846153846 0.16346153846153846
15 0.2848557692307692 0.38822115384615385 0.07932692307692307 0.16826923076923078
15 0.36177884615384615 0.3858173076923077 0.0889423076923077 0.16346153846153846
15 0.4362980769230769 0.3858173076923077 0.07091346153846154 0.1622596153846154
25 0.5096153846153846 0.38341346153846156 0.07932692307692307 0.1658653846153846
6 0.03485576923076923 0.5901442307692307 0.06971153846153846 0.15144230769230768
6 0.1045673076923077 0.5961538461538461 0.08774038461538461 0.15264423076923078
30 0.17548076923076922 0.5889423076923077 0.06850961538461539 0.15745192307692307
30 0.24278846153846154 0.5841346153846154 0.078125 0.15384615384615385
33 0.30649038461538464 0.5829326923076923 0.07451923076923077 0.15745192307692307
36 0.3762019230769231 0.5973557692307693 0.0625 0.11298076923076923
36 0.43509615384615385 0.5925480769230769 0.06129807692307692 0.11658653846153846
36 0.4951923076923077 0.5889423076923077 0.0673076923076923 0.125
5 0.056490384615384616 0.7728365384615384 0.09495192307692307 0.12139423076923077
5 0.12620192307692307 0.7596153846153846 0.08173076923076923 0.1201923076923077
5 0.19951923076923078 0.7596153846153846 0.0829326923076923 0.1201923076923077
6 0.27403846153846156 0.7463942307692307 0.0829326923076923 0.12620192307692307
5 0.34375 0.7427884615384616 0.0829326923076923 0.12259615384615384
5 0.41586538461538464 0.734375 0.07091346153846154 0.12139423076923077
5 0.47836538461538464 0.7295673076923077 0.078125 0.1201923076923077
8 0.42427884615384615 0.1814903846153846 0.0985576923076923 0.12980769230769232