28 0.11177884615384616 0.3449519230769231 0.0829326923076923 0.1466346153846154
32 0.19230769230769232 0.34975961538461536 0.09134615384615384 0.15144230769230768
30 0.27163461538461536 0.34975961538461536 0.078125 0.14783653846153846
30 0.35216346153846156 0.35216346153846156 0.07932692307692307 0.15384615384615385
17 0.43509615384615385 0.34975961538461536 0.08413461538461539 0.15504807692307693
15 0.5216346153846154 0.3605769230769231 0.08413461538461539 0.13341346153846154
15 0.5997596153846154 0.359375 0.09014423076923077 0.1466346153846154
15 0.6875 0.359375 0.08653846153846154 0.14543269230769232
27 0.765625 0.35216346153846156 0.08653846153846154 0.16346153846153846
6 0.12379807692307693 0.5432692307692307 0.08774038461538461 0.140625
6 0.20552884615384615 0.5492788461538461 0.09134615384615384 0.13822115384615385
33 0.28725961538461536 0.5564903846153846 0.078125 0.12860576923076922
33 0.3701923076923077 0.5528846153846154 0.08774038461538461 0.14302884615384615
14 0.4495192307692308 0.5420673076923077 0.08653846153846154 0.14423076923076922
14 0.53125 0.5444711538461539 0.07932692307692307 0.1466346153846154
20 0.6069711538461539 0.5444711538461539 0.0829326923076923 0.14543269230769232
3 0.6814903846153846 0.546875 0.07572115384615384 0.14783653846153846
36 0.7463942307692307 0.5661057692307693 0.07572115384615384 0.11658653846153846
6 0.140625 0.7223557692307693 0.08413461538461539 0.13221153846153846
6 0.21875 0.7211538461538461 0.08653846153846154 0.13341346153846154
6 0.29927884615384615 0.7199519230769231 0.08052884615384616 0.12860576923076922
5 0.3798076923076923 0.71875 0.0829326923076923 0.140625
5 0.46153846153846156 0.7223557692307693 0.08052884615384616 0.14302884615384615
5 0.5408653846153846 0.71875 0.07932692307692307 0.13701923076923078
5 0.6177884615384616 0.7163461538461539 0.078125 0.1346153846153846
5 0.6923076923076923 0.71875 0.078125 0.14182692307692307
5 0.7692307692307693 0.7163461538461539 0.078125 0.13701923076923078
15 0.12740384615384615 0.8882211538461539 0.0829326923076923 0.12740384615384615
15 0.20072115384615385 0.890625 0.06009615384615385 0.12860576923076922
15 0.2692307692307692 0.8954326923076923 0.09134615384615384 0.13221153846153846
15 0.35216346153846156 0.8870192307692307 0.078125 0.13822115384615385
15 0.4254807692307692 0.8870192307692307 0.0829326923076923 0.12980769230769232
15 0.5 0.8882211538461539 0.0829326923076923 0.1346153846153846
5 0.5745192307692307 0.8870192307692307 0.07932692307692307 0.13942307692307693
13 0.10817307692307693 0.16466346153846154 0.10216346153846154 0.11899038461538461
8 0.1935096153846154 0.16346153846153846 0.10576923076923077 0.11778846153846154
8 0.2764423076923077 0.17067307692307693 0.09975961538461539 0.11298076923076923
11 0.3557692307692308 0.16826923076923078 0.10216346153846154 0.10576923076923077
2 0.4411057692307692 0.171875 0.09134615384615384 0.1141826923076923
10 0.5192307692307693 0.171875 0.09975961538461539 0.11298076923076923
10 0.7596153846153846 0.17307692307692307 0.09495192307692307 0.11658653846153846
31 0.8497596153846154 0.17668269230769232 0.09014423076923077 0.11778846153846154
29 0.6418269230769231 0.9014423076923077 0.078125 0.10576923076923077
29 0.7043269230769231 0.8990384615384616 0.08052884615384616 0.10697115384615384
29 0.7692307692307693 0.9002403846153846 0.078125 0.10697115384615384
10 0.6021634615384616 0.17668269230769232 0.09014423076923077 0.12139423076923077
29 0.6826923076923077 0.17307692307692307 0.09254807692307693 0.11177884615384616