22 0.21394230769230768 0.3161057692307692 0.07091346153846154 0.11658653846153846
22 0.2704326923076923 0.3112980769230769 0.07211538461538461 0.09975961538461539
22 0.3293269230769231 0.3088942307692308 0.06610576923076923 0.1141826923076923
22 0.38822115384615385 0.3088942307692308 0.06850961538461539 0.11057692307692307
22 0.44471153846153844 0.31490384615384615 0.07091346153846154 0.10336538461538461
22 0.5048076923076923 0.3161057692307692 0.07572115384615384 0.109375
2 0.5576923076923077 0.3137019230769231 0.057692307692307696 0.109375
2 0.6057692307692307 0.3137019230769231 0.06850961538461539 0.11298076923076923
2 0.6658653846153846 0.31490384615384615 0.07211538461538461 0.10697115384615384
2 0.7235576923076923 0.3125 0.07211538461538461 0.10576923076923077
0 0.7824519230769231 0.3161057692307692 0.07211538461538461 0.125
19 0.22355769230769232 0.5072115384615384 0.07211538461538461 0.11057692307692307
19 0.2824519230769231 0.5048076923076923 0.06610576923076923 0.10576923076923077
19 0.33774038461538464 0.5060096153846154 0.06610576923076923 0.10576923076923077
19 0.3918269230769231 0.5084134615384616 0.06370192307692307 0.11298076923076923
19 0.44711538461538464 0.5084134615384616 0.06610576923076923 0.109375
13 0.5024038461538461 0.5084134615384616 0.05889423076923077 0.109375
13 0.5552884615384616 0.5096153846153846 0.0673076923076923 0.1141826923076923
13 0.6105769230769231 0.5072115384615384 0.0625 0.1141826923076923
13 0.6622596153846154 0.5084134615384616 0.06850961538461539 0.11658653846153846
13 0.7175480769230769 0.5060096153846154 0.07091346153846154 0.10697115384615384
13 0.7740384615384616 0.5108173076923077 0.0673076923076923 0.12139423076923077
29 0.2403846153846154 0.703125 0.0625 0.11778846153846154
29 0.28966346153846156 0.7091346153846154 0.06370192307692307 0.1141826923076923
29 0.3449519230769231 0.7079326923076923 0.0673076923076923 0.11298076923076923
29 0.3954326923076923 0.7091346153846154 0.06370192307692307 0.12139423076923077
29 0.45072115384615385 0.7055288461538461 0.06610576923076923 0.11298076923076923
29 0.5012019230769231 0.7055288461538461 0.06370192307692307 0.11658653846153846
11 0.5552884615384616 0.7091346153846154 0.0673076923076923 0.1141826923076923
11 0.6021634615384616 0.7091346153846154 0.06370192307692307 0.11057692307692307
11 0.6526442307692307 0.7091346153846154 0.06370192307692307 0.11298076923076923
11 0.703125 0.7067307692307693 0.06610576923076923 0.1141826923076923
11 0.7596153846153846 0.7091346153846154 0.06370192307692307 0.11778846153846154
5 0.2512019230769231 0.8665865384615384 0.07211538461538461 0.13942307692307693
5 0.31490384615384615 0.8677884615384616 0.07091346153846154 0.14543269230769232
5 0.3641826923076923 0.8653846153846154 0.07572115384615384 0.14903846153846154
5 0.4230769230769231 0.8689903846153846 0.07451923076923077 0.14543269230769232
5 0.4951923076923077 0.8689903846153846 0.07451923076923077 0.14182692307692307
5 0.5516826923076923 0.8653846153846154 0.07572115384615384 0.13822115384615385
5 0.609375 0.8665865384615384 0.0673076923076923 0.13581730769230768
5 0.6670673076923077 0.8677884615384616 0.0673076923076923 0.14543269230769232
5 0.7319711538461539 0.8665865384615384 0.07572115384615384 0.13581730769230768