20 0.30288461538461536 0.2956730769230769 0.08653846153846154 0.10817307692307693
20 0.3641826923076923 0.2920673076923077 0.07211538461538461 0.10336538461538461
3 0.4254807692307692 0.29086538461538464 0.07211538461538461 0.10336538461538461
3 0.49158653846153844 0.28966346153846156 0.07932692307692307 0.10697115384615384
3 0.5588942307692307 0.2860576923076923 0.07211538461538461 0.10817307692307693
3 0.6262019230769231 0.2848557692307692 0.07692307692307693 0.10576923076923077
33 0.6899038461538461 0.28846153846153844 0.07211538461538461 0.1045673076923077
33 0.7560096153846154 0.28725961538461536 0.06370192307692307 0.11057692307692307
33 0.8173076923076923 0.28846153846153844 0.06610576923076923 0.09495192307692307
33 0.8822115384615384 0.2956730769230769 0.08173076923076923 0.13341346153846154
32 0.296875 0.453125 0.05889423076923077 0.11298076923076923
32 0.36177884615384615 0.45072115384615385 0.07211538461538461 0.11057692307692307
30 0.4182692307692308 0.453125 0.054086538461538464 0.1141826923076923
30 0.4723557692307692 0.4519230769230769 0.05889423076923077 0.11899038461538461
30 0.5348557692307693 0.4543269230769231 0.07451923076923077 0.11298076923076923
27 0.5949519230769231 0.4483173076923077 0.0673076923076923 0.12740384615384615
27 0.6658653846153846 0.4483173076923077 0.07932692307692307 0.12139423076923077
27 0.7391826923076923 0.45072115384615385 0.06971153846153846 0.125
27 0.8052884615384616 0.4495192307692308 0.0673076923076923 0.125
27 0.8810096153846154 0.45552884615384615 0.07932692307692307 0.13942307692307693
5 0.31490384615384615 0.6057692307692307 0.08653846153846154 0.11778846153846154
5 0.38341346153846156 0.6045673076923077 0.07451923076923077 0.1201923076923077
5 0.4519230769230769 0.6057692307692307 0.07451923076923077 0.12139423076923077
5 0.5240384615384616 0.6057692307692307 0.07451923076923077 0.12740384615384615
25 0.5877403846153846 0.6057692307692307 0.0673076923076923 0.12259615384615384
25 0.6634615384615384 0.6105769230769231 0.07451923076923077 0.1201923076923077
6 0.7548076923076923 0.6129807692307693 0.08774038461538461 0.1201923076923077
6 0.8269230769230769 0.6177884615384616 0.07451923076923077 0.12740384615384615
6 0.9074519230769231 0.6189903846153846 0.07692307692307693 0.13942307692307693
20 0.35216346153846156 0.8990384615384616 0.09735576923076923 0.19471153846153846
20 0.4483173076923077 0.9014423076923077 0.09495192307692307 0.1935096153846154
3 0.5360576923076923 0.9002403846153846 0.09975961538461539 0.18870192307692307
3 0.6274038461538461 0.9026442307692307 0.09254807692307693 0.18629807692307693
12 0.7271634615384616 0.9074519230769231 0.10216346153846154 0.18269230769230768
12 0.8329326923076923 0.9086538461538461 0.09975961538461539 0.171875