6 0.17427884615384615 0.3701923076923077 0.11899038461538461 0.19230769230769232
17 0.26802884615384615 0.38341346153846156 0.0829326923076923 0.1658653846153846
15 0.3425480769230769 0.3786057692307692 0.08413461538461539 0.17668269230769232
17 0.4326923076923077 0.38100961538461536 0.1045673076923077 0.1814903846153846
14 0.5264423076923077 0.3762019230769231 0.09254807692307693 0.1935096153846154
32 0.6069711538461539 0.3762019230769231 0.08774038461538461 0.19591346153846154
32 0.6971153846153846 0.37740384615384615 0.09735576923076923 0.1971153846153846
30 0.7704326923076923 0.38100961538461536 0.07692307692307693 0.19951923076923078
36 0.22355769230769232 0.6346153846153846 0.09254807692307693 0.12740384615384615
35 0.29927884615384615 0.6322115384615384 0.07211538461538461 0.13221153846153846
36 0.3713942307692308 0.6394230769230769 0.0733173076923077 0.12860576923076922
5 0.4495192307692308 0.6153846153846154 0.0829326923076923 0.17548076923076922
20 0.5264423076923077 0.6165865384615384 0.07932692307692307 0.1814903846153846
33 0.6021634615384616 0.6334134615384616 0.078125 0.14903846153846154
14 0.6790865384615384 0.6274038461538461 0.0829326923076923 0.17668269230769232
20 0.7524038461538461 0.6274038461538461 0.0733173076923077 0.17668269230769232
27 0.26802884615384615 0.8137019230769231 0.09254807692307693 0.16105769230769232
3 0.3425480769230769 0.8137019230769231 0.07451923076923077 0.13701923076923078
3 0.41225961538461536 0.8173076923076923 0.06009615384615385 0.14302884615384615
3 0.4831730769230769 0.8161057692307693 0.07211538461538461 0.14783653846153846
27 0.5492788461538461 0.8209134615384616 0.0733173076923077 0.15865384615384615
5 0.6213942307692307 0.8040865384615384 0.08173076923076923 0.11057692307692307
25 0.6959134615384616 0.8088942307692307 0.07211538461538461 0.10817307692307693
25 0.7560096153846154 0.8076923076923077 0.06129807692307692 0.0985576923076923
19 0.12740384615384615 0.14543269230769232 0.11538461538461539 0.15504807692307693
2 0.21754807692307693 0.14423076923076922 0.1141826923076923 0.15625
8 0.30528846153846156 0.14302884615384615 0.11057692307692307 0.15625
13 0.4182692307692308 0.14182692307692307 0.11057692307692307 0.16706730769230768
13 0.5252403846153846 0.13942307692307693 0.11658653846153846 0.1622596153846154
13 0.6165865384615384 0.14423076923076922 0.09735576923076923 0.16466346153846154
13 0.7043269230769231 0.14182692307692307 0.12740384615384615 0.15985576923076922
8 0.7932692307692307 0.14182692307692307 0.08774038461538461 0.16105769230769232
14 0.9170673076923077 0.6237980769230769 0.05889423076923077 0.1814903846153846
33 0.9699519230769231 0.6262019230769231 0.056490384615384616 0.17908653846153846
5 0.9326923076923077 0.7980769230769231 0.08653846153846154 0.11057692307692307
32 0.9519230769230769 0.3737980769230769 0.06971153846153846 0.20673076923076922