30 0.7716346153846154 0.41346153846153844 0.055288461538461536 0.11057692307692307
30 0.8245192307692307 0.4110576923076923 0.06009615384615385 0.11298076923076923
30 0.8822115384615384 0.4110576923076923 0.0673076923076923 0.109375
27 0.7980769230769231 0.5721153846153846 0.06971153846153846 0.1141826923076923
27 0.8617788461538461 0.5685096153846154 0.06009615384615385 0.12620192307692307
3 0.09615384615384616 0.75 0.1045673076923077 0.15865384615384615
20 0.19230769230769232 0.7475961538461539 0.08413461538461539 0.15625
3 0.27884615384615385 0.7403846153846154 0.09375 0.15384615384615385
27 0.3581730769230769 0.7632211538461539 0.06370192307692307 0.10817307692307693
27 0.4170673076923077 0.7596153846153846 0.06610576923076923 0.109375
27 0.47716346153846156 0.7632211538461539 0.06009615384615385 0.10576923076923077
27 0.5336538461538461 0.7596153846153846 0.07091346153846154 0.10336538461538461
27 0.59375 0.7584134615384616 0.052884615384615384 0.10817307692307693
27 0.6586538461538461 0.7572115384615384 0.0673076923076923 0.10096153846153846
27 0.7175480769230769 0.7584134615384616 0.07091346153846154 0.10697115384615384
27 0.7764423076923077 0.7596153846153846 0.055288461538461536 0.1045673076923077
27 0.8485576923076923 0.7584134615384616 0.07451923076923077 0.109375
15 0.0673076923076923 0.16826923076923078 0.0733173076923077 0.09254807692307693
11 0.038461538461538464 0.2512019230769231 0.06971153846153846 0.08774038461538461
11 0.09735576923076923 0.25240384615384615 0.0733173076923077 0.08774038461538461
11 0.16346153846153846 0.2548076923076923 0.08052884615384616 0.08774038461538461
10 0.2247596153846154 0.2536057692307692 0.07932692307692307 0.0889423076923077
10 0.2860576923076923 0.25240384615384615 0.07692307692307693 0.08413461538461539
10 0.3473557692307692 0.2536057692307692 0.07091346153846154 0.08533653846153846
34 0.40625 0.2548076923076923 0.07932692307692307 0.0829326923076923
34 0.46875 0.25600961538461536 0.0733173076923077 0.09615384615384616
34 0.5276442307692307 0.2548076923076923 0.0625 0.09014423076923077
19 0.5877403846153846 0.25240384615384615 0.07692307692307693 0.0829326923076923
19 0.6442307692307693 0.25600961538461536 0.06971153846153846 0.08653846153846154
19 0.7067307692307693 0.2536057692307692 0.08413461538461539 0.08774038461538461
10 0.7788461538461539 0.25721153846153844 0.08413461538461539 0.08653846153846154
10 0.8413461538461539 0.25 0.07932692307692307 0.0889423076923077
10 0.9014423076923077 0.25240384615384615 0.08052884615384616 0.09375
34 0.051682692307692304 0.43149038461538464 0.08052884615384616 0.09735576923076923
34 0.11658653846153846 0.43509615384615385 0.07932692307692307 0.09254807692307693
13 0.17908653846153846 0.43149038461538464 0.07932692307692307 0.09495192307692307
13 0.22956730769230768 0.43149038461538464 0.07932692307692307 0.09014423076923077
10 0.29927884615384615 0.4338942307692308 0.08653846153846154 0.08173076923076923
10 0.36177884615384615 0.43509615384615385 0.07932692307692307 0.0829326923076923
19 0.4254807692307692 0.42788461538461536 0.0733173076923077 0.08774038461538461
11 0.4891826923076923 0.4362980769230769 0.08052884615384616 0.08052884615384616
11 0.5420673076923077 0.43509615384615385 0.0733173076923077 0.0889423076923077
10 0.5997596153846154 0.4338942307692308 0.07091346153846154 0.08653846153846154
10 0.6598557692307693 0.43028846153846156 0.0733173076923077 0.08173076923076923
10 0.7163461538461539 0.43509615384615385 0.07692307692307693 0.08173076923076923
19 0.07692307692307693 0.5985576923076923 0.06971153846153846 0.07932692307692307
19 0.1346153846153846 0.5961538461538461 0.07451923076923077 0.08052884615384616
19 0.1935096153846154 0.5961538461538461 0.07091346153846154 0.08533653846153846
19 0.24879807692307693 0.59375 0.0733173076923077 0.09254807692307693
19 0.30528846153846156 0.5877403846153846 0.07091346153846154 0.078125
19 0.359375 0.59375 0.06370192307692307 0.09014423076923077
19 0.41947115384615385 0.5949519230769231 0.0733173076923077 0.07692307692307693
19 0.47475961538461536 0.5877403846153846 0.0625 0.078125
19 0.5288461538461539 0.5901442307692307 0.06370192307692307 0.08413461538461539
19 0.5829326923076923 0.5913461538461539 0.0733173076923077 0.08173076923076923
19 0.6382211538461539 0.5913461538461539 0.06370192307692307 0.08653846153846154
19 0.6899038461538461 0.5901442307692307 0.0673076923076923 0.08173076923076923
19 0.7439903846153846 0.5865384615384616 0.06009615384615385 0.08173076923076923