6 0.23317307692307693 0.5192307692307693 0.10216346153846154 0.125
6 0.3137019230769231 0.5192307692307693 0.09615384615384616 0.1201923076923077
15 0.3954326923076923 0.53125 0.08413461538461539 0.10697115384615384
15 0.46274038461538464 0.53125 0.09254807692307693 0.10697115384615384
32 0.5360576923076923 0.5276442307692307 0.08774038461538461 0.11538461538461539
32 0.6069711538461539 0.53125 0.07572115384615384 0.11298076923076923
36 0.6706730769230769 0.5348557692307693 0.0733173076923077 0.09495192307692307
36 0.7367788461538461 0.5336538461538461 0.07091346153846154 0.09975961538461539
15 0.8125 0.5276442307692307 0.07692307692307693 0.11057692307692307
15 0.8858173076923077 0.5276442307692307 0.07692307692307693 0.10096153846153846
32 0.25240384615384615 0.6911057692307693 0.07692307692307693 0.1045673076923077
32 0.31490384615384615 0.6971153846153846 0.0733173076923077 0.109375
9 0.38341346153846156 0.6947115384615384 0.07572115384615384 0.10817307692307693
9 0.45552884615384615 0.6899038461538461 0.08413461538461539 0.109375
14 0.53125 0.6911057692307693 0.07932692307692307 0.11778846153846154
14 0.6009615384615384 0.6911057692307693 0.08173076923076923 0.1141826923076923
25 0.6706730769230769 0.6911057692307693 0.0733173076923077 0.12139423076923077
25 0.7463942307692307 0.6899038461538461 0.07692307692307693 0.11538461538461539
17 0.8137019230769231 0.6911057692307693 0.0673076923076923 0.11298076923076923
17 0.8822115384615384 0.6911057692307693 0.0733173076923077 0.11057692307692307
20 0.2704326923076923 0.9050480769230769 0.11298076923076923 0.16105769230769232
9 0.38100961538461536 0.9086538461538461 0.125 0.16947115384615385
9 0.4879807692307692 0.9038461538461539 0.109375 0.17067307692307693
3 0.6009615384615384 0.9002403846153846 0.12379807692307693 0.171875
14 0.703125 0.9050480769230769 0.1045673076923077 0.17307692307692307
33 0.8064903846153846 0.9182692307692307 0.09014423076923077 0.14302884615384615
15 0.10697115384615384 0.5132211538461539 0.14182692307692307 0.16826923076923078
13 0.875 0.1502403846153846 0.1045673076923077 0.11057692307692307
13 0.9555288461538461 0.1502403846153846 0.08533653846153846 0.11298076923076923
13 0.21394230769230768 0.25240384615384615 0.09014423076923077 0.10697115384615384
13 0.29447115384615385 0.25240384615384615 0.109375 0.1141826923076923
11 0.3713942307692308 0.2512019230769231 0.10216346153846154 0.11538461538461539
11 0.4495192307692308 0.2536057692307692 0.10096153846153846 0.11298076923076923
19 0.5336538461538461 0.25600961538461536 0.109375 0.11177884615384616
19 0.6153846153846154 0.25600961538461536 0.11658653846153846 0.10817307692307693
11 0.703125 0.25841346153846156 0.10096153846153846 0.11057692307692307
11 0.78125 0.2536057692307692 0.10216346153846154 0.109375
11 0.8629807692307693 0.25721153846153844 0.10697115384615384 0.11057692307692307
11 0.9471153846153846 0.2548076923076923 0.10216346153846154 0.109375
10 0.22115384615384615 0.34975961538461536 0.10216346153846154 0.10697115384615384
10 0.29447115384615385 0.35096153846153844 0.10697115384615384 0.11057692307692307
10 0.375 0.3545673076923077 0.0985576923076923 0.0985576923076923
10 0.4543269230769231 0.35336538461538464 0.10096153846153846 0.10096153846153846
19 0.5360576923076923 0.3545673076923077 0.0985576923076923 0.11177884615384616
19 0.6105769230769231 0.35096153846153844 0.1045673076923077 0.109375
10 0.6923076923076923 0.35336538461538464 0.09615384615384616 0.109375
10 0.7692307692307693 0.3545673076923077 0.10216346153846154 0.1045673076923077
10 0.8497596153846154 0.35216346153846156 0.09254807692307693 0.10336538461538461
10 0.9266826923076923 0.35216346153846156 0.09615384615384616 0.10336538461538461