30 0.34134615384615385 0.3798076923076923 0.08413461538461539 0.125
30 0.4170673076923077 0.38221153846153844 0.09375 0.12980769230769232
30 0.49158653846153844 0.38341346153846156 0.08413461538461539 0.12860576923076922
32 0.5637019230769231 0.3858173076923077 0.0889423076923077 0.12620192307692307
27 0.640625 0.38341346153846156 0.10576923076923077 0.14302884615384615
27 0.7283653846153846 0.38100961538461536 0.10336538461538461 0.13581730769230768
17 0.8112980769230769 0.3942307692307692 0.08653846153846154 0.11177884615384616
17 0.8882211538461539 0.39302884615384615 0.07932692307692307 0.11177884615384616
32 0.33413461538461536 0.5625 0.0889423076923077 0.13341346153846154
32 0.41346153846153844 0.5612980769230769 0.10096153846153846 0.14543269230769232
27 0.5060096153846154 0.5552884615384616 0.09375 0.14182692307692307
27 0.5865384615384616 0.5576923076923077 0.08653846153846154 0.14302884615384615
27 0.7151442307692307 0.5576923076923077 0.10096153846153846 0.14783653846153846
27 0.6394230769230769 0.5600961538461539 0.06009615384615385 0.14423076923076922
27 0.7920673076923077 0.5600961538461539 0.10096153846153846 0.14423076923076922
27 0.8810096153846154 0.5588942307692307 0.09375 0.1466346153846154
25 0.7872596153846154 0.7439903846153846 0.09134615384615384 0.13581730769230768
25 0.8737980769230769 0.7391826923076923 0.08653846153846154 0.13341346153846154
5 0.3293269230769231 0.921875 0.11298076923076923 0.1502403846153846
5 0.4206730769230769 0.9206730769230769 0.10576923076923077 0.15504807692307693
5 0.5108173076923077 0.9170673076923077 0.0985576923076923 0.1466346153846154
27 0.5925480769230769 0.921875 0.0889423076923077 0.15384615384615385
25 0.6814903846153846 0.921875 0.09615384615384616 0.1502403846153846
25 0.7596153846153846 0.9206730769230769 0.0889423076923077 0.1466346153846154
25 0.8569711538461539 0.921875 0.10576923076923077 0.14543269230769232
34 0.3485576923076923 0.21995192307692307 0.09375 0.09375
34 0.42788461538461536 0.2247596153846154 0.09615384615384616 0.09134615384615384
19 0.5048076923076923 0.22716346153846154 0.08173076923076923 0.09375
19 0.578125 0.234375 0.0985576923076923 0.08774038461538461
19 0.6478365384615384 0.23197115384615385 0.08653846153846154 0.09254807692307693
26 0.7475961538461539 0.23317307692307693 0.0889423076923077 0.08533653846153846
26 0.8161057692307693 0.234375 0.08653846153846154 0.09375
26 0.8834134615384616 0.234375 0.0889423076923077 0.09134615384615384
19 0.3317307692307692 0.7692307692307693 0.09375 0.10817307692307693
19 0.4098557692307692 0.7620192307692307 0.0889423076923077 0.10216346153846154
19 0.4879807692307692 0.7632211538461539 0.09134615384615384 0.10576923076923077
33 0.5625 0.7632211538461539 0.08653846153846154 0.1045673076923077
33 0.6370192307692307 0.7632211538461539 0.08413461538461539 0.1045673076923077
33 0.7103365384615384 0.7608173076923077 0.10096153846153846 0.10096153846153846