30 0.0625 0.40024038461538464 0.109375 0.20552884615384615
30 0.15625 0.39903846153846156 0.1141826923076923 0.19951923076923078
30 0.2548076923076923 0.3954326923076923 0.10096153846153846 0.19831730769230768
32 0.34615384615384615 0.40024038461538464 0.10697115384615384 0.20793269230769232
32 0.4387019230769231 0.4026442307692308 0.0889423076923077 0.19471153846153846
32 0.5240384615384616 0.3954326923076923 0.09615384615384616 0.1971153846153846
32 0.6153846153846154 0.3918269230769231 0.09615384615384616 0.20072115384615385
32 0.7055288461538461 0.3942307692307692 0.09134615384615384 0.1814903846153846
30 0.8004807692307693 0.39663461538461536 0.10096153846153846 0.18990384615384615
30 0.890625 0.3954326923076923 0.09975961538461539 0.17908653846153846
3 0.09014423076923077 0.8100961538461539 0.18028846153846154 0.3557692307692308
3 0.2548076923076923 0.8100961538461539 0.16706730769230768 0.3641826923076923
3 0.4182692307692308 0.8064903846153846 0.18028846153846154 0.38100961538461536
9 0.5997596153846154 0.8004807692307693 0.17548076923076922 0.34975961538461536
9 0.7475961538461539 0.8028846153846154 0.15144230769230768 0.35697115384615385
9 0.9002403846153846 0.8040865384615384 0.15625 0.3389423076923077
19 0.09134615384615384 0.14543269230769232 0.11538461538461539 0.14543269230769232
19 0.19471153846153846 0.1466346153846154 0.11538461538461539 0.1466346153846154
19 0.29447115384615385 0.15144230769230768 0.11658653846153846 0.14543269230769232
19 0.39663461538461536 0.15384615384615385 0.12740384615384615 0.14302884615384615
19 0.4963942307692308 0.15625 0.11899038461538461 0.14543269230769232
19 0.5901442307692307 0.15985576923076922 0.12379807692307693 0.13822115384615385
34 0.6778846153846154 0.15985576923076922 0.1141826923076923 0.13822115384615385
34 0.7704326923076923 0.16346153846153846 0.109375 0.1466346153846154
34 0.8545673076923077 0.16947115384615385 0.10576923076923077 0.14543269230769232
34 0.9338942307692307 0.16826923076923078 0.10216346153846154 0.1346153846153846