17 0.054086538461538464 0.23076923076923078 0.10817307692307693 0.21033653846153846
17 0.13822115384615385 0.23076923076923078 0.10216346153846154 0.19110576923076922
17 0.21153846153846154 0.22956730769230768 0.09495192307692307 0.19230769230769232
32 0.28846153846153844 0.2127403846153846 0.08533653846153846 0.21634615384615385
32 0.3485576923076923 0.21033653846153846 0.08533653846153846 0.21153846153846154
32 0.41466346153846156 0.21033653846153846 0.0673076923076923 0.2091346153846154
20 0.13221153846153846 0.5396634615384616 0.09014423076923077 0.17307692307692307
20 0.20552884615384615 0.53125 0.08413461538461539 0.16947115384615385
3 0.28125 0.5216346153846154 0.08413461538461539 0.17067307692307693
3 0.35336538461538464 0.5060096153846154 0.06971153846153846 0.15384615384615385
32 0.41586538461538464 0.5012019230769231 0.055288461538461536 0.16105769230769232
32 0.46875 0.4963942307692308 0.06129807692307692 0.15745192307692307
32 0.5216346153846154 0.4879807692307692 0.046875 0.15144230769230768
5 0.5745192307692307 0.4807692307692308 0.05889423076923077 0.16105769230769232
15 0.6274038461538461 0.47475961538461536 0.055288461538461536 0.14903846153846154
15 0.6802884615384616 0.47115384615384615 0.05048076923076923 0.140625
15 0.7295673076923077 0.4699519230769231 0.05048076923076923 0.140625
27 0.7800480769230769 0.4519230769230769 0.051682692307692304 0.14543269230769232
27 0.8257211538461539 0.4495192307692308 0.054086538461538464 0.1466346153846154
27 0.8798076923076923 0.4411057692307692 0.056490384615384616 0.13822115384615385
15 0.15625 0.7560096153846154 0.08533653846153846 0.14543269230769232
15 0.2247596153846154 0.7391826923076923 0.07211538461538461 0.13221153846153846
3 0.28966346153846156 0.7307692307692307 0.06850961538461539 0.13581730769230768
3 0.3449519230769231 0.7115384615384616 0.06370192307692307 0.11899038461538461
32 0.4014423076923077 0.7019230769230769 0.06370192307692307 0.12860576923076922
32 0.4519230769230769 0.6899038461538461 0.055288461538461536 0.125
32 0.49399038461538464 0.6838942307692307 0.06129807692307692 0.1201923076923077
32 0.5384615384615384 0.6730769230769231 0.046875 0.11538461538461539
32 0.5805288461538461 0.6634615384615384 0.04807692307692308 0.11057692307692307
30 0.6225961538461539 0.6514423076923077 0.04567307692307692 0.10697115384615384
30 0.6610576923076923 0.6454326923076923 0.04326923076923077 0.11057692307692307
30 0.7019230769230769 0.640625 0.04326923076923077 0.11177884615384616
17 0.7427884615384616 0.6322115384615384 0.04807692307692308 0.10697115384615384
17 0.7800480769230769 0.625 0.04567307692307692 0.109375
17 0.8269230769230769 0.6129807692307693 0.04567307692307692 0.1045673076923077
17 0.3293269230769231 0.9579326923076923 0.06009615384615385 0.08173076923076923
17 0.38221153846153844 0.9471153846153846 0.06129807692307692 0.08653846153846154
17 0.43509615384615385 0.9375 0.055288461538461536 0.10817307692307693
17 0.4855769230769231 0.9254807692307693 0.04807692307692308 0.1141826923076923
17 0.5324519230769231 0.9158653846153846 0.055288461538461536 0.11298076923076923
9 0.5757211538461539 0.8545673076923077 0.06490384615384616 0.15144230769230768
9 0.6430288461538461 0.8353365384615384 0.06490384615384616 0.15144230769230768
3 0.7067307692307693 0.8197115384615384 0.05889423076923077 0.1466346153846154
20 0.7848557692307693 0.8004807692307693 0.0733173076923077 0.15264423076923078
19 0.48197115384615385 0.24639423076923078 0.08413461538461539 0.13822115384615385
19 0.5372596153846154 0.2403846153846154 0.08173076923076923 0.13942307692307693
19 0.5925480769230769 0.23677884615384615 0.08052884615384616 0.140625
8 0.6526442307692307 0.2439903846153846 0.08653846153846154 0.13822115384615385
8 0.703125 0.24278846153846154 0.06850961538461539 0.12980769230769232
8 0.7536057692307693 0.24278846153846154 0.06129807692307692 0.12740384615384615
8 0.8004807692307693 0.2403846153846154 0.06971153846153846 0.125
8 0.8461538461538461 0.23918269230769232 0.0673076923076923 0.12860576923076922
8 0.8942307692307693 0.23918269230769232 0.06370192307692307 0.12620192307692307