11 0.03485576923076923 0.20673076923076922 0.06971153846153846 0.16346153846153846
8 0.09495192307692307 0.2091346153846154 0.09615384615384616 0.14543269230769232
4 0.16346153846153846 0.21033653846153846 0.09254807692307693 0.1466346153846154
4 0.234375 0.20673076923076922 0.09615384615384616 0.15384615384615385
19 0.30288461538461536 0.2091346153846154 0.08653846153846154 0.1502403846153846
19 0.36538461538461536 0.20793269230769232 0.0889423076923077 0.14903846153846154
29 0.43509615384615385 0.20673076923076922 0.09375 0.15625
3 0.06009615384615385 0.38461538461538464 0.09375 0.18389423076923078
3 0.1346153846153846 0.38221153846153844 0.09735576923076923 0.17908653846153846
15 0.2091346153846154 0.38341346153846156 0.078125 0.1658653846153846
15 0.2764423076923077 0.38461538461538464 0.08533653846153846 0.17427884615384615
15 0.34375 0.3798076923076923 0.0889423076923077 0.171875
17 0.41225961538461536 0.3737980769230769 0.08533653846153846 0.17067307692307693
17 0.4795673076923077 0.375 0.07932692307692307 0.171875
17 0.5456730769230769 0.3762019230769231 0.07211538461538461 0.17668269230769232
9 0.0829326923076923 0.5877403846153846 0.09375 0.16706730769230768
14 0.15625 0.5877403846153846 0.07572115384615384 0.16706730769230768
14 0.22235576923076922 0.5817307692307693 0.0673076923076923 0.1622596153846154
20 0.2848557692307692 0.5793269230769231 0.06850961538461539 0.1622596153846154
20 0.3557692307692308 0.5697115384615384 0.07451923076923077 0.15144230769230768
6 0.41586538461538464 0.5673076923076923 0.07091346153846154 0.14543269230769232
25 0.4807692307692308 0.5637019230769231 0.06370192307692307 0.15985576923076922
27 0.5420673076923077 0.5588942307692307 0.06129807692307692 0.15504807692307693
28 0.14783653846153846 0.7512019230769231 0.07451923076923077 0.125
32 0.20072115384615385 0.7451923076923077 0.06490384615384616 0.12139423076923077
33 0.2620192307692308 0.7427884615384616 0.07091346153846154 0.13701923076923078
33 0.32211538461538464 0.7355769230769231 0.06850961538461539 0.12980769230769232
30 0.3762019230769231 0.7319711538461539 0.06009615384615385 0.12860576923076922
30 0.4266826923076923 0.7295673076923077 0.06009615384615385 0.12139423076923077
5 0.484375 0.7235576923076923 0.056490384615384616 0.12980769230769232
5 0.5456730769230769 0.7235576923076923 0.0673076923076923 0.12139423076923077
2 0.49038461538461536 0.20673076923076922 0.07211538461538461 0.1466346153846154
2 0.5528846153846154 0.20673076923076922 0.08173076923076923 0.14543269230769232