3 0.5300480769230769 0.11778846153846154 0.0673076923076923 0.17427884615384615
3 0.6069711538461539 0.11778846153846154 0.08653846153846154 0.1778846153846154
3 0.6887019230769231 0.11778846153846154 0.07211538461538461 0.17668269230769232
3 0.7644230769230769 0.11899038461538461 0.08173076923076923 0.18028846153846154
3 0.8401442307692307 0.11778846153846154 0.078125 0.17668269230769232
3 0.9122596153846154 0.13581730769230768 0.07211538461538461 0.18509615384615385
14 0.07692307692307693 0.3449519230769231 0.07451923076923077 0.16826923076923078
14 0.15264423076923078 0.3449519230769231 0.078125 0.1658653846153846
30 0.23076923076923078 0.34375 0.078125 0.1622596153846154
30 0.3076923076923077 0.3449519230769231 0.06971153846153846 0.16466346153846154
30 0.3786057692307692 0.34375 0.08173076923076923 0.16346153846153846
30 0.45552884615384615 0.3401442307692308 0.0673076923076923 0.15625
30 0.5264423076923077 0.3389423076923077 0.07451923076923077 0.15625
32 0.6033653846153846 0.33774038461538464 0.078125 0.15625
32 0.6790865384615384 0.33533653846153844 0.07091346153846154 0.15504807692307693
32 0.7548076923076923 0.33052884615384615 0.07211538461538461 0.14423076923076922
32 0.8197115384615384 0.33052884615384615 0.055288461538461536 0.1466346153846154
32 0.8834134615384616 0.33052884615384615 0.07091346153846154 0.14783653846153846
14 0.0985576923076923 0.5480769230769231 0.08653846153846154 0.1466346153846154
14 0.1778846153846154 0.5480769230769231 0.07211538461538461 0.14423076923076922
14 0.25600961538461536 0.5420673076923077 0.06971153846153846 0.15384615384615385
14 0.33774038461538464 0.5372596153846154 0.078125 0.14783653846153846
9 0.41225961538461536 0.5336538461538461 0.07091346153846154 0.14783653846153846
9 0.4855769230769231 0.5300480769230769 0.07451923076923077 0.14302884615384615
20 0.5480769230769231 0.5228365384615384 0.054086538461538464 0.13701923076923078
20 0.6009615384615384 0.5228365384615384 0.046875 0.13822115384615385
20 0.6586538461538461 0.5228365384615384 0.054086538461538464 0.14182692307692307
20 0.7259615384615384 0.5180288461538461 0.07451923076923077 0.13942307692307693
20 0.8040865384615384 0.515625 0.07451923076923077 0.14302884615384615
20 0.8713942307692307 0.5108173076923077 0.06009615384615385 0.14182692307692307
28 0.10697115384615384 0.7475961538461539 0.07572115384615384 0.15384615384615385
28 0.1875 0.7451923076923077 0.08173076923076923 0.15144230769230768
28 0.2692307692307692 0.7415865384615384 0.078125 0.14783653846153846
28 0.33774038461538464 0.7331730769230769 0.0625 0.14302884615384615
9 0.40384615384615385 0.7223557692307693 0.07091346153846154 0.16466346153846154
9 0.5396634615384616 0.7139423076923077 0.0625 0.16346153846153846
6 0.6033653846153846 0.7091346153846154 0.09495192307692307 0.15144230769230768
6 0.6911057692307693 0.7055288461538461 0.08533653846153846 0.14783653846153846
6 0.7680288461538461 0.7019230769230769 0.07572115384615384 0.140625
6 0.8497596153846154 0.7007211538461539 0.078125 0.14903846153846154
21 0.06009615384615385 0.15144230769230768 0.10697115384615384 0.12740384615384615
21 0.16466346153846154 0.14903846153846154 0.10216346153846154 0.12980769230769232
21 0.25961538461538464 0.15264423076923078 0.11057692307692307 0.12620192307692307
21 0.3473557692307692 0.14903846153846154 0.10216346153846154 0.11658653846153846
21 0.4375 0.14783653846153846 0.11057692307692307 0.12259615384615384
9 0.21875 0.9399038461538461 0.09495192307692307 0.11778846153846154
9 0.2980769230769231 0.9375 0.09495192307692307 0.12259615384615384
9 0.36899038461538464 0.9387019230769231 0.08533653846153846 0.12139423076923077
9 0.4795673076923077 0.71875 0.09495192307692307 0.16346153846153846