5 0.12980769230769232 0.28725961538461536 0.15745192307692307 0.2644230769230769
5 0.2536057692307692 0.2848557692307692 0.14903846153846154 0.26322115384615385
5 0.3798076923076923 0.2920673076923077 0.125 0.26802884615384615
5 0.5012019230769231 0.2848557692307692 0.14423076923076922 0.25600961538461536
5 0.6274038461538461 0.28725961538461536 0.12860576923076922 0.25600961538461536
5 0.7512019230769231 0.28846153846153844 0.12379807692307693 0.25
5 0.16105769230769232 0.5649038461538461 0.14903846153846154 0.21514423076923078
5 0.2824519230769231 0.5600961538461539 0.12740384615384615 0.2091346153846154
5 0.3918269230769231 0.5637019230769231 0.11658653846153846 0.20673076923076922
5 0.4987980769230769 0.5600961538461539 0.10576923076923077 0.20552884615384615
5 0.6069711538461539 0.5637019230769231 0.10697115384615384 0.20552884615384615
5 0.7175480769230769 0.5612980769230769 0.12740384615384615 0.21153846153846154
5 0.19110576923076922 0.7956730769230769 0.13221153846153846 0.1778846153846154
5 0.3016826923076923 0.7932692307692307 0.11177884615384616 0.1875
5 0.40024038461538464 0.7908653846153846 0.11177884615384616 0.19230769230769232
5 0.4987980769230769 0.7824519230769231 0.09975961538461539 0.1778846153846154
5 0.5961538461538461 0.7776442307692307 0.09735576923076923 0.1778846153846154
5 0.7043269230769231 0.7860576923076923 0.10576923076923077 0.17908653846153846