20 0.06009615384615385 0.359375 0.08413461538461539 0.19110576923076922
20 0.11899038461538461 0.3605769230769231 0.0829326923076923 0.203125
20 0.18870192307692307 0.36538461538461536 0.08413461538461539 0.18870192307692307
20 0.25961538461538464 0.37259615384615385 0.08173076923076923 0.1935096153846154
3 0.3293269230769231 0.375 0.08653846153846154 0.20552884615384615
3 0.40384615384615385 0.38100961538461536 0.07451923076923077 0.20432692307692307
3 0.4723557692307692 0.38341346153846156 0.07451923076923077 0.20552884615384615
3 0.5384615384615384 0.38341346153846156 0.0829326923076923 0.20552884615384615
3 0.6201923076923077 0.3954326923076923 0.07211538461538461 0.19831730769230768
3 0.6887019230769231 0.39903846153846156 0.06850961538461539 0.20673076923076922
20 0.7776442307692307 0.40865384615384615 0.06610576923076923 0.2091346153846154
20 0.8569711538461539 0.4182692307692308 0.078125 0.21153846153846154
17 0.9459134615384616 0.4387019230769231 0.08413461538461539 0.20673076923076922
5 0.10697115384615384 0.5769230769230769 0.09014423076923077 0.15745192307692307
20 0.17427884615384615 0.5925480769230769 0.07572115384615384 0.15865384615384615
20 0.23317307692307693 0.5973557692307693 0.07572115384615384 0.15745192307692307
14 0.30408653846153844 0.5949519230769231 0.07572115384615384 0.15144230769230768
14 0.36778846153846156 0.6033653846153846 0.06850961538461539 0.15504807692307693
14 0.43028846153846156 0.6069711538461539 0.06850961538461539 0.1622596153846154
14 0.4987980769230769 0.6201923076923077 0.07091346153846154 0.16466346153846154
14 0.5769230769230769 0.6286057692307693 0.06850961538461539 0.16706730769230768
14 0.6430288461538461 0.6274038461538461 0.06610576923076923 0.16466346153846154
14 0.7043269230769231 0.640625 0.055288461538461536 0.17067307692307693
14 0.7740384615384616 0.6394230769230769 0.07211538461538461 0.17427884615384615
17 0.8449519230769231 0.6646634615384616 0.06610576923076923 0.16346153846153846
17 0.9098557692307693 0.6634615384615384 0.07572115384615384 0.16947115384615385
17 0.9735576923076923 0.671875 0.05048076923076923 0.18509615384615385
20 0.8197115384615384 0.8870192307692307 0.08774038461538461 0.22235576923076922
3 0.9122596153846154 0.8930288461538461 0.09495192307692307 0.2091346153846154
2 0.11298076923076923 0.8149038461538461 0.0985576923076923 0.125
2 0.16826923076923078 0.8149038461538461 0.078125 0.13221153846153846
2 0.22115384615384615 0.8209134615384616 0.07932692307692307 0.140625
19 0.2776442307692308 0.8293269230769231 0.07451923076923077 0.13701923076923078
19 0.3317307692307692 0.8341346153846154 0.07211538461538461 0.13701923076923078
19 0.3870192307692308 0.8365384615384616 0.07211538461538461 0.12860576923076922
11 0.44350961538461536 0.8353365384615384 0.078125 0.1346153846153846
11 0.4963942307692308 0.8377403846153846 0.07451923076923077 0.1346153846153846
11 0.5552884615384616 0.8473557692307693 0.08173076923076923 0.13701923076923078
11 0.6177884615384616 0.8605769230769231 0.08173076923076923 0.1346153846153846
11 0.6814903846153846 0.8713942307692307 0.078125 0.13822115384615385
11 0.7379807692307693 0.8786057692307693 0.08173076923076923 0.1346153846153846
11 0.13221153846153846 0.9134615384615384 0.07091346153846154 0.09615384615384616
11 0.18629807692307693 0.9146634615384616 0.07932692307692307 0.09495192307692307
11 0.23798076923076922 0.9146634615384616 0.07091346153846154 0.09134615384615384
19 0.28846153846153844 0.921875 0.0829326923076923 0.09615384615384616
19 0.33653846153846156 0.9350961538461539 0.07572115384615384 0.0889423076923077
13 0.38822115384615385 0.9375 0.0829326923076923 0.10096153846153846
11 0.4483173076923077 0.9387019230769231 0.078125 0.10697115384615384
11 0.5012019230769231 0.9387019230769231 0.07091346153846154 0.0985576923076923
11 0.5540865384615384 0.9483173076923077 0.07211538461538461 0.09495192307692307
2 0.6105769230769231 0.9543269230769231 0.07451923076923077 0.0889423076923077
2 0.6706730769230769 0.9495192307692307 0.0673076923076923 0.07932692307692307
2 0.7211538461538461 0.9555288461538461 0.07451923076923077 0.07932692307692307
2 0.052884615384615384 0.09495192307692307 0.10216346153846154 0.16466346153846154
2 0.11538461538461539 0.09495192307692307 0.0985576923076923 0.17908653846153846
2 0.18509615384615385 0.09495192307692307 0.10576923076923077 0.17548076923076922
10 0.2668269230769231 0.09495192307692307 0.09495192307692307 0.18028846153846154
10 0.33653846153846156 0.09735576923076923 0.09615384615384616 0.17548076923076922
10 0.40865384615384615 0.09735576923076923 0.08774038461538461 0.18629807692307693
2 0.4855769230769231 0.09975961538461539 0.09375 0.19110576923076922
2 0.5600961538461539 0.10096153846153846 0.09014423076923077 0.18269230769230768
2 0.6298076923076923 0.1045673076923077 0.08774038461538461 0.18509615384615385
2 0.7103365384615384 0.10096153846153846 0.09615384615384616 0.19230769230769232
2 0.7848557692307693 0.10096153846153846 0.0985576923076923 0.19110576923076922
2 0.8725961538461539 0.109375 0.10336538461538461 0.203125
19 0.9399038461538461 0.109375 0.11778846153846154 0.19230769230769232