25 0.24879807692307693 0.3713942307692308 0.09134615384615384 0.1466346153846154
25 0.328125 0.37259615384615385 0.078125 0.14182692307692307
30 0.40024038461538464 0.3701923076923077 0.078125 0.14182692307692307
30 0.4639423076923077 0.37259615384615385 0.06971153846153846 0.15144230769230768
30 0.5336538461538461 0.3762019230769231 0.0733173076923077 0.15745192307692307
32 0.5997596153846154 0.36778846153846156 0.06971153846153846 0.13942307692307693
32 0.6658653846153846 0.36658653846153844 0.07692307692307693 0.15384615384615385
32 0.734375 0.36538461538461536 0.078125 0.14903846153846154
28 0.8004807692307693 0.36538461538461536 0.06610576923076923 0.1346153846153846
5 0.26322115384615385 0.546875 0.09134615384615384 0.1466346153846154
5 0.33052884615384615 0.5420673076923077 0.07451923076923077 0.14903846153846154
25 0.4050480769230769 0.5492788461538461 0.07451923076923077 0.12740384615384615
25 0.46634615384615385 0.5456730769230769 0.06850961538461539 0.13341346153846154
15 0.5384615384615384 0.5612980769230769 0.06971153846153846 0.12259615384615384
15 0.5973557692307693 0.5528846153846154 0.06610576923076923 0.11899038461538461
36 0.6586538461538461 0.5576923076923077 0.06490384615384616 0.10096153846153846
36 0.7247596153846154 0.5576923076923077 0.06610576923076923 0.10576923076923077
35 0.796875 0.5612980769230769 0.06129807692307692 0.10697115384615384
5 0.28725961538461536 0.7463942307692307 0.11899038461538461 0.20432692307692307
20 0.3858173076923077 0.7487980769230769 0.11177884615384616 0.20552884615384615
20 0.4723557692307692 0.7379807692307693 0.07932692307692307 0.19831730769230768
3 0.5564903846153846 0.7475961538461539 0.09975961538461539 0.19591346153846154
9 0.6526442307692307 0.7391826923076923 0.09254807692307693 0.20072115384615385
12 0.7524038461538461 0.7451923076923077 0.09975961538461539 0.20673076923076922
21 0.23076923076923078 0.19471153846153846 0.09375 0.10817307692307693
21 0.3112980769230769 0.19230769230769232 0.0889423076923077 0.11057692307692307
21 0.3858173076923077 0.19471153846153846 0.0889423076923077 0.11177884615384616
19 0.45913461538461536 0.1971153846153846 0.07451923076923077 0.10576923076923077
19 0.5240384615384616 0.19591346153846154 0.08653846153846154 0.10697115384615384
11 0.5997596153846154 0.19230769230769232 0.09254807692307693 0.10096153846153846
34 0.6730769230769231 0.19471153846153846 0.09134615384615384 0.10336538461538461
34 0.7487980769230769 0.1935096153846154 0.09254807692307693 0.11057692307692307
34 0.8221153846153846 0.19471153846153846 0.08653846153846154 0.11778846153846154