14 0.1658653846153846 0.41466346153846156 0.10576923076923077 0.19591346153846154
14 0.2608173076923077 0.41346153846153844 0.10576923076923077 0.19951923076923078
14 0.34975961538461536 0.41586538461538464 0.09014423076923077 0.1875
30 0.43509615384615385 0.421875 0.10096153846153846 0.203125
30 0.5240384615384616 0.4182692307692308 0.09495192307692307 0.19110576923076922
30 0.6153846153846154 0.41466346153846156 0.10336538461538461 0.20072115384615385
32 0.7091346153846154 0.4206730769230769 0.09975961538461539 0.1971153846153846
32 0.7824519230769231 0.4170673076923077 0.08653846153846154 0.1935096153846154
32 0.8677884615384616 0.42427884615384615 0.10096153846153846 0.1935096153846154
20 0.171875 0.6730769230769231 0.10096153846153846 0.17908653846153846
20 0.26322115384615385 0.6742788461538461 0.09975961538461539 0.17668269230769232
9 0.3485576923076923 0.6754807692307693 0.10096153846153846 0.1814903846153846
33 0.4326923076923077 0.6887019230769231 0.09735576923076923 0.16947115384615385
33 0.5324519230769231 0.6911057692307693 0.08774038461538461 0.15264423076923078
33 0.6466346153846154 0.6682692307692307 0.12379807692307693 0.234375
33 0.7944711538461539 0.671875 0.13221153846153846 0.23076923076923078
5 0.19230769230769232 0.8798076923076923 0.10096153846153846 0.15625
5 0.2860576923076923 0.8774038461538461 0.11298076923076923 0.16346153846153846
17 0.37259615384615385 0.8930288461538461 0.09254807692307693 0.13221153846153846
17 0.46033653846153844 0.8978365384615384 0.09014423076923077 0.1346153846153846
35 0.5396634615384616 0.9026442307692307 0.08653846153846154 0.12259615384615384
35 0.6286057692307693 0.9026442307692307 0.09735576923076923 0.125
36 0.7199519230769231 0.9038461538461539 0.09254807692307693 0.1201923076923077
36 0.7944711538461539 0.9038461538461539 0.09254807692307693 0.1201923076923077
21 0.15504807692307693 0.17908653846153846 0.12379807692307693 0.1310096153846154
19 0.2536057692307692 0.1814903846153846 0.11899038461538461 0.13221153846153846
2 0.34615384615384615 0.17908653846153846 0.11899038461538461 0.13822115384615385
10 0.4519230769230769 0.17908653846153846 0.12620192307692307 0.13822115384615385
34 0.5516826923076923 0.17908653846153846 0.11538461538461539 0.13341346153846154
19 0.6502403846153846 0.18389423076923078 0.11658653846153846 0.125
8 0.7487980769230769 0.18629807692307693 0.11538461538461539 0.12620192307692307
11 0.8377403846153846 0.18509615384615385 0.11658653846153846 0.12980769230769232
11 0.9110576923076923 0.18629807692307693 0.07692307692307693 0.1201923076923077