15 0.19110576923076922 0.43509615384615385 0.07692307692307693 0.14543269230769232
15 0.25721153846153844 0.43509615384615385 0.078125 0.13942307692307693
14 0.3161057692307692 0.43509615384615385 0.0733173076923077 0.1502403846153846
14 0.3762019230769231 0.4326923076923077 0.0733173076923077 0.14903846153846154
20 0.4411057692307692 0.4338942307692308 0.0733173076923077 0.15144230769230768
30 0.5036057692307693 0.4326923076923077 0.06610576923076923 0.1502403846153846
30 0.5564903846153846 0.4326923076923077 0.06490384615384616 0.1502403846153846
30 0.6081730769230769 0.43028846153846156 0.05889423076923077 0.1502403846153846
5 0.6706730769230769 0.4326923076923077 0.0733173076923077 0.1502403846153846
5 0.7524038461538461 0.4326923076923077 0.07451923076923077 0.15384615384615385
17 0.21875 0.6057692307692307 0.0733173076923077 0.14302884615384615
17 0.2776442307692308 0.6045673076923077 0.07211538461538461 0.14182692307692307
17 0.3425480769230769 0.6057692307692307 0.06850961538461539 0.14543269230769232
3 0.39663461538461536 0.6033653846153846 0.06129807692307692 0.14182692307692307
3 0.45552884615384615 0.6069711538461539 0.06490384615384616 0.14423076923076922
3 0.5096153846153846 0.6033653846153846 0.06610576923076923 0.13942307692307693
3 0.5661057692307693 0.6009615384615384 0.05889423076923077 0.13701923076923078
3 0.6237980769230769 0.6021634615384616 0.06009615384615385 0.13701923076923078
20 0.6814903846153846 0.6033653846153846 0.06129807692307692 0.14182692307692307
20 0.7475961538461539 0.6069711538461539 0.06610576923076923 0.14783653846153846
27 0.23798076923076922 0.7560096153846154 0.06610576923076923 0.12740384615384615
27 0.2980769230769231 0.7536057692307693 0.06370192307692307 0.125
27 0.35216346153846156 0.7560096153846154 0.06370192307692307 0.12620192307692307
27 0.40865384615384615 0.7524038461538461 0.06129807692307692 0.11658653846153846
27 0.4639423076923077 0.7536057692307693 0.06850961538461539 0.11658653846153846
27 0.5144230769230769 0.7524038461538461 0.06610576923076923 0.12139423076923077
20 0.5673076923076923 0.7512019230769231 0.05889423076923077 0.1141826923076923
20 0.6189903846153846 0.7487980769230769 0.05889423076923077 0.11658653846153846
30 0.6670673076923077 0.7524038461538461 0.056490384615384616 0.11538461538461539
30 0.7175480769230769 0.7536057692307693 0.051682692307692304 0.11538461538461539
2 0.15504807692307693 0.14903846153846154 0.09375 0.12740384615384615
8 0.27283653846153844 0.15144230769230768 0.0829326923076923 0.12620192307692307
11 0.33533653846153844 0.14783653846153846 0.08653846153846154 0.13341346153846154
2 0.39783653846153844 0.1502403846153846 0.08413461538461539 0.12740384615384615
2 0.4639423076923077 0.1502403846153846 0.08774038461538461 0.125
2 0.5264423076923077 0.1466346153846154 0.07692307692307693 0.12740384615384615
11 0.5901442307692307 0.14903846153846154 0.08173076923076923 0.12740384615384615
8 0.6550480769230769 0.1466346153846154 0.07211538461538461 0.12740384615384615
13 0.7283653846153846 0.1466346153846154 0.078125 0.12740384615384615
13 0.796875 0.15144230769230768 0.09134615384615384 0.12980769230769232
2 0.16105769230769232 0.2704326923076923 0.09735576923076923 0.12620192307692307
22 0.22716346153846154 0.2668269230769231 0.0889423076923077 0.125
2 0.28725961538461536 0.2704326923076923 0.07211538461538461 0.12980769230769232
8 0.3425480769230769 0.2692307692307692 0.09735576923076923 0.12860576923076922
29 0.4074519230769231 0.2692307692307692 0.07692307692307693 0.12740384615384615
22 0.47115384615384615 0.2692307692307692 0.07692307692307693 0.12740384615384615
8 0.5348557692307693 0.2692307692307692 0.078125 0.12740384615384615
11 0.5997596153846154 0.26802884615384615 0.07451923076923077 0.13701923076923078
29 0.6622596153846154 0.2668269230769231 0.07451923076923077 0.1310096153846154
22 0.71875 0.2668269230769231 0.06490384615384616 0.1310096153846154
13 0.7896634615384616 0.2704326923076923 0.0889423076923077 0.13341346153846154