15 0.15865384615384615 0.5444711538461539 0.11899038461538461 0.15985576923076922
15 0.25961538461538464 0.5420673076923077 0.11057692307692307 0.15985576923076922
6 0.36658653846153844 0.5300480769230769 0.12620192307692307 0.18629807692307693
6 0.47596153846153844 0.53125 0.11057692307692307 0.18269230769230768
6 0.5817307692307693 0.5300480769230769 0.11298076923076923 0.19230769230769232
29 0.14543269230769232 0.31490384615384615 0.14302884615384615 0.14783653846153846
29 0.2512019230769231 0.3161057692307692 0.13942307692307693 0.15264423076923078
29 0.36899038461538464 0.31490384615384615 0.13822115384615385 0.15504807692307693
29 0.4735576923076923 0.3173076923076923 0.13581730769230768 0.1502403846153846
29 0.5865384615384616 0.31009615384615385 0.13581730769230768 0.15384615384615385
19 0.7163461538461539 0.3125 0.13341346153846154 0.1466346153846154
19 0.8269230769230769 0.3076923076923077 0.13581730769230768 0.15144230769230768
19 0.9326923076923077 0.31009615384615385 0.1310096153846154 0.1502403846153846
10 0.6850961538461539 0.5564903846153846 0.1141826923076923 0.140625
10 0.7764423076923077 0.5540865384615384 0.11658653846153846 0.1502403846153846
10 0.8774038461538461 0.5600961538461539 0.125 0.15625
2 0.1875 0.7668269230769231 0.109375 0.12980769230769232
2 0.2824519230769231 0.7680288461538461 0.11899038461538461 0.1346153846153846
2 0.37259615384615385 0.765625 0.1141826923076923 0.1346153846153846
11 0.4675480769230769 0.7644230769230769 0.09975961538461539 0.13581730769230768
11 0.5612980769230769 0.7620192307692307 0.10216346153846154 0.14302884615384615
11 0.6502403846153846 0.7620192307692307 0.11057692307692307 0.13942307692307693
2 0.7403846153846154 0.7620192307692307 0.109375 0.14182692307692307
2 0.828125 0.7608173076923077 0.10817307692307693 0.14302884615384615