3 0.6430288461538461 0.2704326923076923 0.12259615384615384 0.21634615384615385
15 0.7716346153846154 0.2776442307692308 0.12379807692307693 0.19951923076923078
14 0.9266826923076923 0.2644230769230769 0.11778846153846154 0.22716346153846154
3 0.1622596153846154 0.5709134615384616 0.10576923076923077 0.18990384615384615
3 0.265625 0.5745192307692307 0.10096153846153846 0.19471153846153846
3 0.3701923076923077 0.5757211538461539 0.10697115384615384 0.1935096153846154
3 0.47716346153846156 0.5745192307692307 0.1045673076923077 0.19471153846153846
3 0.5805288461538461 0.5757211538461539 0.09975961538461539 0.19471153846153846
25 0.6802884615384616 0.5769230769230769 0.09254807692307693 0.19471153846153846
33 0.78125 0.578125 0.11177884615384616 0.20072115384615385
15 0.8930288461538461 0.5913461538461539 0.10697115384615384 0.18028846153846154
5 0.1778846153846154 0.7944711538461539 0.11538461538461539 0.1875
5 0.28966346153846156 0.7944711538461539 0.10216346153846154 0.18629807692307693
5 0.3870192307692308 0.7932692307692307 0.09615384615384616 0.1875
5 0.4855769230769231 0.8004807692307693 0.09975961538461539 0.1935096153846154
5 0.5949519230769231 0.8052884615384616 0.11538461538461539 0.20192307692307693
5 0.7091346153846154 0.8112980769230769 0.11177884615384616 0.19951923076923078
30 0.8137019230769231 0.8064903846153846 0.09014423076923077 0.1875
3 0.9134615384615384 0.8221153846153846 0.10697115384615384 0.18870192307692307
19 0.12259615384615384 0.30649038461538464 0.13341346153846154 0.15264423076923078
19 0.2283653846153846 0.30528846153846156 0.12740384615384615 0.15264423076923078
19 0.3293269230769231 0.3004807692307692 0.12259615384615384 0.15865384615384615
2 0.43509615384615385 0.3016826923076923 0.12860576923076922 0.15745192307692307
2 0.5420673076923077 0.3016826923076923 0.11177884615384616 0.15745192307692307