32 0.12860576923076922 0.13942307692307693 0.1045673076923077 0.20432692307692307
32 0.21033653846153846 0.14423076923076922 0.0889423076923077 0.203125
32 0.2860576923076923 0.1466346153846154 0.09375 0.20072115384615385
32 0.359375 0.14783653846153846 0.09014423076923077 0.1971153846153846
30 0.4338942307692308 0.14903846153846154 0.08413461538461539 0.20192307692307693
30 0.5048076923076923 0.15144230769230768 0.08653846153846154 0.19831730769230768
30 0.5745192307692307 0.1502403846153846 0.09254807692307693 0.18990384615384615
25 0.15865384615384615 0.42427884615384615 0.09254807692307693 0.18028846153846154
36 0.24278846153846154 0.43990384615384615 0.09014423076923077 0.15144230769230768
36 0.31850961538461536 0.4411057692307692 0.08413461538461539 0.14182692307692307
17 0.3942307692307692 0.43149038461538464 0.0889423076923077 0.1622596153846154
20 0.4651442307692308 0.42427884615384615 0.09014423076923077 0.17427884615384615
36 0.5396634615384616 0.4411057692307692 0.0889423076923077 0.1346153846153846
30 0.6045673076923077 0.4170673076923077 0.07451923076923077 0.1778846153846154
32 0.671875 0.41466346153846156 0.07692307692307693 0.1778846153846154
6 0.7427884615384616 0.4230769230769231 0.078125 0.18629807692307693
14 0.8245192307692307 0.42427884615384615 0.08653846153846154 0.1971153846153846
3 0.18028846153846154 0.7139423076923077 0.09254807692307693 0.18509615384615385
1 0.25841346153846156 0.7019230769230769 0.09014423076923077 0.18629807692307693
25 0.32211538461538464 0.7067307692307693 0.09014423076923077 0.17908653846153846
25 0.39903846153846156 0.7043269230769231 0.08173076923076923 0.171875
3 0.46875 0.7043269230769231 0.08533653846153846 0.16947115384615385
25 0.5396634615384616 0.7019230769230769 0.08052884615384616 0.16826923076923078
27 0.6213942307692307 0.6899038461538461 0.08533653846153846 0.1778846153846154
27 0.6959134615384616 0.6850961538461539 0.0889423076923077 0.17668269230769232
33 0.7632211538461539 0.6983173076923077 0.07451923076923077 0.1466346153846154
33 0.8245192307692307 0.6995192307692307 0.08052884615384616 0.15504807692307693
6 0.19951923076923078 0.9170673076923077 0.10216346153846154 0.1622596153846154
6 0.2776442307692308 0.9170673076923077 0.08173076923076923 0.1622596153846154
6 0.3449519230769231 0.9146634615384616 0.08533653846153846 0.16947115384615385
6 0.4182692307692308 0.9134615384615384 0.08533653846153846 0.17067307692307693
6 0.49158653846153844 0.9110576923076923 0.0889423076923077 0.16466346153846154
6 0.5540865384615384 0.9038461538461539 0.078125 0.16466346153846154
20 0.6225961538461539 0.9038461538461539 0.078125 0.16346153846153846
27 0.6875 0.8990384615384616 0.08173076923076923 0.17548076923076922
30 0.7572115384615384 0.8942307692307693 0.06610576923076923 0.15865384615384615
30 0.8197115384615384 0.9026442307692307 0.06610576923076923 0.171875
11 0.6490384615384616 0.18870192307692307 0.0889423076923077 0.12379807692307693
11 0.7223557692307693 0.19110576923076922 0.08533653846153846 0.12139423076923077
11 0.7872596153846154 0.1875 0.08173076923076923 0.1310096153846154
11 0.8617788461538461 0.2091346153846154 0.08533653846153846 0.15625