2 0.10216346153846154 0.4543269230769231 0.09615384615384616 0.14423076923076922
2 0.18389423076923078 0.4579326923076923 0.10697115384615384 0.1466346153846154
28 0.27283653846153844 0.42788461538461536 0.0889423076923077 0.1935096153846154
35 0.35096153846153844 0.44711538461538464 0.09735576923076923 0.14783653846153846
35 0.4423076923076923 0.4519230769230769 0.09735576923076923 0.14423076923076922
14 0.5372596153846154 0.42908653846153844 0.09975961538461539 0.1778846153846154
15 0.6298076923076923 0.4387019230769231 0.08413461538461539 0.15985576923076922
15 0.7043269230769231 0.4362980769230769 0.0889423076923077 0.15504807692307693
15 0.8004807692307693 0.4375 0.0889423076923077 0.15745192307692307
33 0.12740384615384615 0.6862980769230769 0.09975961538461539 0.15264423076923078
35 0.22115384615384615 0.6826923076923077 0.09134615384615384 0.12860576923076922
15 0.30288461538461536 0.6754807692307693 0.0889423076923077 0.13822115384615385
3 0.3942307692307692 0.6622596153846154 0.09254807692307693 0.15504807692307693
30 0.4735576923076923 0.6610576923076923 0.06850961538461539 0.16105769230769232
25 0.5516826923076923 0.6526442307692307 0.08653846153846154 0.15745192307692307
27 0.6358173076923077 0.6526442307692307 0.09735576923076923 0.1658653846153846
27 0.7247596153846154 0.6490384615384616 0.10216346153846154 0.17668269230769232
5 0.1466346153846154 0.8822115384615384 0.10697115384615384 0.15264423076923078
5 0.23197115384615385 0.9014423076923077 0.09975961538461539 0.11538461538461539
5 0.30649038461538464 0.8713942307692307 0.09254807692307693 0.1466346153846154
5 0.38221153846153844 0.8545673076923077 0.09375 0.13701923076923078
5 0.44591346153846156 0.8233173076923077 0.07932692307692307 0.09975961538461539
5 0.5072115384615384 0.8557692307692307 0.08774038461538461 0.13581730769230768
15 0.609375 0.8461538461538461 0.09975961538461539 0.16105769230769232
15 0.7019230769230769 0.8329326923076923 0.1045673076923077 0.14543269230769232
19 0.0829326923076923 0.1971153846153846 0.1466346153846154 0.17548076923076922
19 0.18389423076923078 0.1971153846153846 0.11057692307692307 0.15985576923076922
13 0.2848557692307692 0.19591346153846154 0.13221153846153846 0.15384615384615385
34 0.39302884615384615 0.19951923076923078 0.125 0.15865384615384615
11 0.4963942307692308 0.203125 0.11658653846153846 0.14423076923076922
8 0.5913461538461539 0.20552884615384615 0.109375 0.14543269230769232
29 0.6802884615384616 0.20552884615384615 0.11177884615384616 0.1466346153846154
34 0.7704326923076923 0.20673076923076922 0.13221153846153846 0.13581730769230768
11 0.8557692307692307 0.20793269230769232 0.09615384615384616 0.14302884615384615