20 0.16706730769230768 0.4855769230769231 0.07692307692307693 0.14543269230769232
20 0.23557692307692307 0.484375 0.0829326923076923 0.13221153846153846
3 0.30288461538461536 0.48677884615384615 0.08173076923076923 0.13942307692307693
3 0.36538461538461536 0.484375 0.07211538461538461 0.13581730769230768
14 0.43028846153846156 0.48197115384615385 0.07451923076923077 0.13701923076923078
14 0.4951923076923077 0.48197115384615385 0.07692307692307693 0.13701923076923078
14 0.5612980769230769 0.48677884615384615 0.07091346153846154 0.13701923076923078
25 0.6286057692307693 0.4855769230769231 0.07211538461538461 0.13701923076923078
17 0.18028846153846154 0.6802884615384616 0.0829326923076923 0.12980769230769232
15 0.24879807692307693 0.6838942307692307 0.06610576923076923 0.1201923076923077
15 0.31009615384615385 0.6790865384615384 0.06850961538461539 0.11538461538461539
33 0.36778846153846156 0.6826923076923077 0.06370192307692307 0.11177884615384616
4 0.43149038461538464 0.6826923076923077 0.06370192307692307 0.11298076923076923
4 0.4795673076923077 0.6730769230769231 0.04927884615384615 0.11057692307692307
30 0.5252403846153846 0.6646634615384616 0.051682692307692304 0.11658653846153846
30 0.5793269230769231 0.6682692307692307 0.06850961538461539 0.1310096153846154
30 0.6346153846153846 0.6658653846153846 0.06850961538461539 0.125
27 0.1971153846153846 0.84375 0.07932692307692307 0.13341346153846154
27 0.2644230769230769 0.8413461538461539 0.07932692307692307 0.12980769230769232
14 0.3269230769230769 0.8449519230769231 0.07211538461538461 0.12379807692307693
5 0.38341346153846156 0.84375 0.07932692307692307 0.12980769230769232
5 0.44591346153846156 0.8413461538461539 0.07451923076923077 0.13581730769230768
5 0.5072115384615384 0.8413461538461539 0.07091346153846154 0.125
5 0.5673076923076923 0.8365384615384616 0.07932692307692307 0.1310096153846154
5 0.6237980769230769 0.8329326923076923 0.07211538461538461 0.13341346153846154
19 0.15264423076923078 0.3004807692307692 0.07451923076923077 0.10817307692307693
19 0.21153846153846154 0.3016826923076923 0.08173076923076923 0.1045673076923077
19 0.2800480769230769 0.2980769230769231 0.08173076923076923 0.0985576923076923
2 0.3425480769230769 0.29927884615384615 0.08774038461538461 0.09735576923076923
2 0.40865384615384615 0.3004807692307692 0.07211538461538461 0.10336538461538461
29 0.47115384615384615 0.296875 0.07932692307692307 0.10216346153846154
31 0.53125 0.3004807692307692 0.07932692307692307 0.10096153846153846
31 0.59375 0.3016826923076923 0.07692307692307693 0.10336538461538461
31 0.6466346153846154 0.3076923076923077 0.0625 0.10576923076923077