30 0.11538461538461539 0.4170673076923077 0.11778846153846154 0.19951923076923078
30 0.2091346153846154 0.4230769230769231 0.10697115384615384 0.18870192307692307
30 0.30649038461538464 0.4206730769230769 0.1045673076923077 0.19230769230769232
32 0.41225961538461536 0.4254807692307692 0.11057692307692307 0.18990384615384615
32 0.5108173076923077 0.4266826923076923 0.10096153846153846 0.18870192307692307
28 0.6021634615384616 0.4266826923076923 0.09735576923076923 0.18269230769230768
28 0.7115384615384616 0.42788461538461536 0.11177884615384616 0.18509615384615385
28 0.8161057692307693 0.4338942307692308 0.1045673076923077 0.18509615384615385
28 0.9158653846153846 0.4362980769230769 0.10697115384615384 0.20072115384615385
20 0.1622596153846154 0.6358173076923077 0.10817307692307693 0.16706730769230768
17 0.2608173076923077 0.6382211538461539 0.11057692307692307 0.15745192307692307
17 0.3545673076923077 0.6478365384615384 0.09375 0.1502403846153846
17 0.4495192307692308 0.6502403846153846 0.10096153846153846 0.15384615384615385
17 0.5384615384615384 0.6550480769230769 0.10216346153846154 0.15384615384615385
15 0.6394230769230769 0.6550480769230769 0.09375 0.15745192307692307
5 0.7307692307692307 0.6478365384615384 0.10817307692307693 0.16706730769230768
5 0.8509615384615384 0.6502403846153846 0.1201923076923077 0.16947115384615385
20 0.2512019230769231 0.8569711538461539 0.17067307692307693 0.22716346153846154
20 0.38100961538461536 0.8605769230769231 0.14302884615384615 0.23317307692307693
20 0.515625 0.8641826923076923 0.1502403846153846 0.22355769230769232
3 0.6514423076923077 0.8689903846153846 0.15745192307692307 0.21995192307692307
9 0.7932692307692307 0.875 0.15384615384615385 0.21995192307692307
11 0.07211538461538461 0.18028846153846154 0.13341346153846154 0.15504807692307693
11 0.16947115384615385 0.17427884615384615 0.1141826923076923 0.14423076923076922
21 0.2764423076923077 0.17067307692307693 0.1310096153846154 0.15264423076923078
19 0.38822115384615385 0.16947115384615385 0.1346153846153846 0.15504807692307693
19 0.5 0.171875 0.13701923076923078 0.14783653846153846
2 0.6117788461538461 0.17307692307692307 0.13341346153846154 0.15264423076923078
29 0.7247596153846154 0.17427884615384615 0.140625 0.15625
29 0.8305288461538461 0.18028846153846154 0.14783653846153846 0.15264423076923078
34 0.9338942307692307 0.18389423076923078 0.12740384615384615 0.1658653846153846