28 0.14423076923076922 0.3954326923076923 0.09735576923076923 0.2247596153846154
15 0.23798076923076922 0.39663461538461536 0.1201923076923077 0.23076923076923078
15 0.3473557692307692 0.39903846153846156 0.11899038461538461 0.22235576923076922
17 0.4362980769230769 0.39663461538461536 0.09615384615384616 0.21153846153846154
25 0.5132211538461539 0.4014423076923077 0.1045673076923077 0.22716346153846154
32 0.5853365384615384 0.39783653846153844 0.07451923076923077 0.22355769230769232
32 0.6490384615384616 0.40384615384615385 0.109375 0.23918269230769232
30 0.7331730769230769 0.4026442307692308 0.08173076923076923 0.24158653846153846
30 0.828125 0.4050480769230769 0.10096153846153846 0.23677884615384615
6 0.18269230769230768 0.6646634615384616 0.11899038461538461 0.1971153846153846
6 0.2848557692307692 0.6622596153846154 0.09375 0.21033653846153846
27 0.3701923076923077 0.6694711538461539 0.109375 0.21634615384615385
36 0.44350961538461536 0.6935096153846154 0.0889423076923077 0.16826923076923078
36 0.5216346153846154 0.6959134615384616 0.09134615384615384 0.16466346153846154
35 0.6045673076923077 0.6959134615384616 0.09134615384615384 0.17307692307692307
33 0.671875 0.6766826923076923 0.08774038461538461 0.18870192307692307
33 0.7572115384615384 0.6754807692307693 0.09615384615384616 0.18509615384615385
5 0.1971153846153846 0.8894230769230769 0.11057692307692307 0.16706730769230768
5 0.28966346153846156 0.8870192307692307 0.09375 0.16947115384615385
5 0.37259615384615385 0.890625 0.09975961538461539 0.1658653846153846
5 0.4495192307692308 0.8834134615384616 0.07932692307692307 0.15264423076923078
5 0.5240384615384616 0.9002403846153846 0.09375 0.16947115384615385
5 0.6069711538461539 0.8990384615384616 0.09375 0.1622596153846154
5 0.7451923076923077 0.8978365384615384 0.0889423076923077 0.16105769230769232
5 0.6730769230769231 0.8894230769230769 0.07451923076923077 0.15384615384615385
10 0.08653846153846154 0.09134615384615384 0.12740384615384615 0.18269230769230768
10 0.19471153846153846 0.09014423076923077 0.13341346153846154 0.18028846153846154
19 0.3016826923076923 0.09134615384615384 0.125 0.18269230769230768
19 0.41346153846153844 0.09495192307692307 0.12139423076923077 0.18509615384615385
21 0.5336538461538461 0.09495192307692307 0.13221153846153846 0.18870192307692307
21 0.6502403846153846 0.09375 0.12980769230769232 0.1875
21 0.7680288461538461 0.0985576923076923 0.125 0.18028846153846154
34 0.8798076923076923 0.09975961538461539 0.13942307692307693 0.18870192307692307