20 0.6862980769230769 0.25721153846153844 0.09134615384615384 0.11658653846153846
20 0.7596153846153846 0.25600961538461536 0.08653846153846154 0.11057692307692307
20 0.8329326923076923 0.2548076923076923 0.08533653846153846 0.11057692307692307
20 0.9014423076923077 0.2608173076923077 0.0889423076923077 0.12620192307692307
30 0.3112980769230769 0.41225961538461536 0.07932692307692307 0.1141826923076923
30 0.3713942307692308 0.41346153846153844 0.07091346153846154 0.12259615384615384
30 0.4338942307692308 0.41586538461538464 0.06610576923076923 0.11057692307692307
20 0.49759615384615385 0.41466346153846156 0.07932692307692307 0.1141826923076923
20 0.5612980769230769 0.41466346153846156 0.0889423076923077 0.1141826923076923
20 0.625 0.41586538461538464 0.07692307692307693 0.109375
15 0.7055288461538461 0.41947115384615385 0.07932692307692307 0.1141826923076923
15 0.7740384615384616 0.41586538461538464 0.0829326923076923 0.11057692307692307
25 0.8449519230769231 0.41586538461538464 0.08653846153846154 0.11177884615384616
25 0.9134615384615384 0.4230769230769231 0.08052884615384616 0.1201923076923077
27 0.3076923076923077 0.5552884615384616 0.08052884615384616 0.11057692307692307
27 0.37740384615384615 0.5588942307692307 0.07932692307692307 0.11177884615384616
27 0.44711538461538464 0.5588942307692307 0.08052884615384616 0.11538461538461539
17 0.5180288461538461 0.5637019230769231 0.07692307692307693 0.1141826923076923
17 0.5865384615384616 0.5637019230769231 0.07692307692307693 0.1141826923076923
17 0.6550480769230769 0.5673076923076923 0.08653846153846154 0.109375
17 0.7331730769230769 0.5649038461538461 0.08533653846153846 0.10817307692307693
17 0.8064903846153846 0.5673076923076923 0.08653846153846154 0.11057692307692307
17 0.8737980769230769 0.5721153846153846 0.08653846153846154 0.12259615384615384
15 0.30649038461538464 0.7055288461538461 0.07451923076923077 0.09975961538461539
15 0.36778846153846156 0.7091346153846154 0.06490384615384616 0.09735576923076923
15 0.42908653846153844 0.7127403846153846 0.07451923076923077 0.09975961538461539
30 0.5012019230769231 0.7055288461538461 0.07211538461538461 0.1141826923076923
30 0.5540865384615384 0.7067307692307693 0.06610576923076923 0.1141826923076923
30 0.6189903846153846 0.7103365384615384 0.07692307692307693 0.11778846153846154
15 0.6911057692307693 0.7115384615384616 0.07451923076923077 0.11057692307692307
15 0.7632211538461539 0.7139423076923077 0.0829326923076923 0.1141826923076923
15 0.8353365384615384 0.7199519230769231 0.07211538461538461 0.10817307692307693
15 0.90625 0.7319711538461539 0.06610576923076923 0.109375
29 0.29086538461538464 0.28125 0.07091346153846154 0.0829326923076923
29 0.35216346153846156 0.2824519230769231 0.08052884615384616 0.08052884615384616
29 0.41586538461538464 0.28125 0.07211538461538461 0.08052884615384616
13 0.47836538461538464 0.28125 0.07692307692307693 0.08052884615384616
13 0.5408653846153846 0.28125 0.08052884615384616 0.07692307692307693
13 0.6033653846153846 0.28125 0.07932692307692307 0.0829326923076923