30 0.18990384615384615 0.44350961538461536 0.09615384615384616 0.14903846153846154
30 0.25841346153846156 0.4483173076923077 0.08774038461538461 0.14903846153846154
30 0.3233173076923077 0.44471153846153844 0.0733173076923077 0.14302884615384615
3 0.40024038461538464 0.45072115384615385 0.08774038461538461 0.14423076923076922
20 0.47716346153846156 0.44591346153846156 0.07932692307692307 0.14423076923076922
20 0.5504807692307693 0.45072115384615385 0.0829326923076923 0.1502403846153846
14 0.6310096153846154 0.4495192307692308 0.08413461538461539 0.14903846153846154
14 0.7103365384615384 0.4579326923076923 0.08653846153846154 0.14302884615384615
25 0.18269230769230768 0.6286057692307693 0.09254807692307693 0.12620192307692307
25 0.25600961538461536 0.6298076923076923 0.0829326923076923 0.13822115384615385
27 0.32572115384615385 0.6286057692307693 0.08173076923076923 0.13942307692307693
15 0.39783653846153844 0.6322115384615384 0.08173076923076923 0.13221153846153846
15 0.47596153846153844 0.6334134615384616 0.07932692307692307 0.13581730769230768
15 0.546875 0.6394230769230769 0.0889423076923077 0.13581730769230768
33 0.6201923076923077 0.6418269230769231 0.07932692307692307 0.13701923076923078
33 0.7007211538461539 0.6442307692307693 0.08774038461538461 0.1346153846153846
5 0.21153846153846154 0.7824519230769231 0.08173076923076923 0.12860576923076922
5 0.2776442307692308 0.7824519230769231 0.08413461538461539 0.1201923076923077
5 0.34615384615384615 0.7800480769230769 0.08413461538461539 0.12139423076923077
5 0.4170673076923077 0.78125 0.07692307692307693 0.125
5 0.4831730769230769 0.7860576923076923 0.078125 0.125
5 0.5516826923076923 0.7920673076923077 0.08173076923076923 0.11899038461538461
5 0.6213942307692307 0.7908653846153846 0.08413461538461539 0.1201923076923077
5 0.6838942307692307 0.7908653846153846 0.06370192307692307 0.11778846153846154
2 0.11658653846153846 0.25841346153846156 0.08173076923076923 0.1310096153846154
2 0.1778846153846154 0.26322115384615385 0.109375 0.12259615384615384
2 0.2536057692307692 0.265625 0.09735576923076923 0.12620192307692307
11 0.33052884615384615 0.25961538461538464 0.10216346153846154 0.12740384615384615
11 0.41225961538461536 0.2668269230769231 0.09975961538461539 0.12740384615384615
13 0.4879807692307692 0.2644230769230769 0.1141826923076923 0.12259615384615384
29 0.5721153846153846 0.2620192307692308 0.09375 0.12139423076923077
29 0.6490384615384616 0.2668269230769231 0.09735576923076923 0.12980769230769232
19 0.7331730769230769 0.2668269230769231 0.09375 0.12740384615384615