33 0.18389423076923078 0.4326923076923077 0.0889423076923077 0.1346153846153846
33 0.2548076923076923 0.43149038461538464 0.08653846153846154 0.13581730769230768
30 0.31971153846153844 0.42427884615384615 0.07211538461538461 0.1502403846153846
32 0.38461538461538464 0.42427884615384615 0.07692307692307693 0.15504807692307693
33 0.4519230769230769 0.43149038461538464 0.09014423076923077 0.13701923076923078
17 0.5192307692307693 0.43028846153846156 0.08533653846153846 0.1346153846153846
15 0.5925480769230769 0.43509615384615385 0.08173076923076923 0.13822115384615385
15 0.6586538461538461 0.4326923076923077 0.07692307692307693 0.13701923076923078
4 0.19230769230769232 0.6129807692307693 0.07932692307692307 0.140625
4 0.25961538461538464 0.6105769230769231 0.06971153846153846 0.1466346153846154
20 0.3233173076923077 0.6117788461538461 0.07211538461538461 0.1466346153846154
3 0.38221153846153844 0.6105769230769231 0.07932692307692307 0.15144230769230768
6 0.4483173076923077 0.6105769230769231 0.09014423076923077 0.1466346153846154
6 0.515625 0.6117788461538461 0.08173076923076923 0.14543269230769232
25 0.5877403846153846 0.6105769230769231 0.0829326923076923 0.14543269230769232
6 0.20192307692307693 0.7788461538461539 0.07572115384615384 0.11177884615384616
6 0.2692307692307692 0.7764423076923077 0.08173076923076923 0.11778846153846154
3 0.3317307692307692 0.7752403846153846 0.0625 0.1201923076923077
3 0.3942307692307692 0.7740384615384616 0.07692307692307693 0.12740384615384615
3 0.453125 0.7728365384615384 0.07572115384615384 0.12740384615384615
5 0.5108173076923077 0.7716346153846154 0.06971153846153846 0.125
5 0.5817307692307693 0.7776442307692307 0.08653846153846154 0.1201923076923077
5 0.6514423076923077 0.7824519230769231 0.07692307692307693 0.12740384615384615
34 0.15504807692307693 0.23798076923076922 0.07932692307692307 0.11177884615384616
34 0.22596153846153846 0.23918269230769232 0.08533653846153846 0.10817307692307693
30 0.29447115384615385 0.24158653846153846 0.08533653846153846 0.10817307692307693
11 0.37259615384615385 0.24158653846153846 0.0829326923076923 0.10697115384615384
11 0.4338942307692308 0.2439903846153846 0.06610576923076923 0.09735576923076923
19 0.49759615384615385 0.24879807692307693 0.08173076923076923 0.10576923076923077
11 0.5685096153846154 0.2403846153846154 0.0829326923076923 0.11057692307692307
21 0.6478365384615384 0.23677884615384615 0.08173076923076923 0.11177884615384616