14 0.4182692307692308 0.19591346153846154 0.06850961538461539 0.10576923076923077
14 0.4699519230769231 0.19591346153846154 0.06009615384615385 0.10576923076923077
14 0.5228365384615384 0.20072115384615385 0.06009615384615385 0.10336538461538461
14 0.5733173076923077 0.19951923076923078 0.06370192307692307 0.10096153846153846
14 0.6262019230769231 0.19951923076923078 0.06610576923076923 0.10576923076923077
14 0.6826923076923077 0.203125 0.06370192307692307 0.10697115384615384
14 0.7355769230769231 0.20192307692307693 0.055288461538461536 0.09735576923076923
14 0.7788461538461539 0.203125 0.056490384615384616 0.09375
14 0.8305288461538461 0.203125 0.06009615384615385 0.09615384615384616
14 0.8774038461538461 0.203125 0.052884615384615384 0.09495192307692307
14 0.9158653846153846 0.21394230769230768 0.051682692307692304 0.0985576923076923
30 0.4182692307692308 0.3245192307692308 0.055288461538461536 0.09254807692307693
30 0.46875 0.32091346153846156 0.04927884615384615 0.10096153846153846
30 0.5204326923076923 0.32211538461538464 0.06009615384615385 0.0985576923076923
30 0.5745192307692307 0.3245192307692308 0.052884615384615384 0.0985576923076923
30 0.6274038461538461 0.328125 0.057692307692307696 0.0985576923076923
30 0.6862980769230769 0.3245192307692308 0.06850961538461539 0.10576923076923077
30 0.7415865384615384 0.32572115384615385 0.057692307692307696 0.09735576923076923
32 0.7944711538461539 0.3269230769230769 0.06009615384615385 0.09975961538461539
32 0.8449519230769231 0.328125 0.06370192307692307 0.09735576923076923
32 0.8954326923076923 0.3329326923076923 0.06370192307692307 0.11298076923076923
28 0.41947115384615385 0.4375 0.055288461538461536 0.08653846153846154
28 0.47596153846153844 0.4387019230769231 0.06490384615384616 0.09375
28 0.5288461538461539 0.43990384615384615 0.055288461538461536 0.10216346153846154
28 0.5769230769230769 0.4423076923076923 0.052884615384615384 0.10096153846153846
28 0.6213942307692307 0.4387019230769231 0.04927884615384615 0.09375
5 0.6778846153846154 0.44471153846153844 0.06370192307692307 0.09014423076923077
5 0.7379807692307693 0.44350961538461536 0.07091346153846154 0.09495192307692307
5 0.7956730769230769 0.44591346153846156 0.06610576923076923 0.09975961538461539
5 0.8509615384615384 0.44711538461538464 0.06370192307692307 0.09735576923076923
5 0.9074519230769231 0.4519230769230769 0.06129807692307692 0.10576923076923077
36 0.41586538461538464 0.5637019230769231 0.056490384615384616 0.08653846153846154
36 0.46875 0.5649038461538461 0.06370192307692307 0.0889423076923077
36 0.515625 0.5625 0.057692307692307696 0.08413461538461539
15 0.5685096153846154 0.5625 0.06370192307692307 0.0985576923076923
15 0.6177884615384616 0.5612980769230769 0.06610576923076923 0.09615384615384616
15 0.6670673076923077 0.5588942307692307 0.057692307692307696 0.09375
15 0.7247596153846154 0.5564903846153846 0.06490384615384616 0.09975961538461539
15 0.78125 0.5625 0.057692307692307696 0.09014423076923077
15 0.8365384615384616 0.5625 0.06490384615384616 0.0985576923076923
15 0.8942307692307693 0.5637019230769231 0.06971153846153846 0.10817307692307693
27 0.4254807692307692 0.6814903846153846 0.07692307692307693 0.125
27 0.48677884615384615 0.6838942307692307 0.06610576923076923 0.12620192307692307
27 0.546875 0.6814903846153846 0.06850961538461539 0.12620192307692307
27 0.6033653846153846 0.6850961538461539 0.06850961538461539 0.11899038461538461
27 0.6670673076923077 0.6862980769230769 0.07091346153846154 0.1141826923076923
27 0.7247596153846154 0.6862980769230769 0.06490384615384616 0.11538461538461539
27 0.7860576923076923 0.6838942307692307 0.07091346153846154 0.11658653846153846
27 0.8425480769230769 0.6862980769230769 0.06971153846153846 0.11057692307692307
27 0.9038461538461539 0.6887019230769231 0.0733173076923077 0.11778846153846154