20 0.3076923076923077 0.3713942307692308 0.07211538461538461 0.15264423076923078
20 0.3701923076923077 0.3713942307692308 0.07211538461538461 0.15625
20 0.43149038461538464 0.37259615384615385 0.06490384615384616 0.15865384615384615
32 0.4879807692307692 0.37259615384615385 0.06850961538461539 0.15865384615384615
32 0.5444711538461539 0.37259615384615385 0.06850961538461539 0.15865384615384615
32 0.6009615384615384 0.36778846153846156 0.06490384615384616 0.15745192307692307
32 0.6550480769230769 0.36778846153846156 0.0625 0.16105769230769232
30 0.7115384615384616 0.36778846153846156 0.0733173076923077 0.15985576923076922
30 0.7644230769230769 0.3713942307692308 0.06490384615384616 0.1658653846153846
27 0.8233173076923077 0.3641826923076923 0.07932692307692307 0.15865384615384615
27 0.8882211538461539 0.36538461538461536 0.08173076923076923 0.16826923076923078
27 0.9543269230769231 0.36538461538461536 0.0733173076923077 0.16466346153846154
20 0.140625 0.6478365384615384 0.0673076923076923 0.14302884615384615
20 0.20192307692307693 0.6526442307692307 0.06850961538461539 0.14423076923076922
20 0.25961538461538464 0.6514423076923077 0.07692307692307693 0.14302884615384615
20 0.32211538461538464 0.6526442307692307 0.0673076923076923 0.15264423076923078
33 0.3786057692307692 0.6574519230769231 0.06850961538461539 0.13822115384615385
33 0.43509615384615385 0.6598557692307693 0.06370192307692307 0.13341346153846154
35 0.4879807692307692 0.6610576923076923 0.0625 0.12379807692307693
35 0.5432692307692307 0.6610576923076923 0.05889423076923077 0.11778846153846154
17 0.5973557692307693 0.6538461538461539 0.0673076923076923 0.13341346153846154
17 0.6538461538461539 0.6550480769230769 0.06370192307692307 0.12740384615384615
17 0.7115384615384616 0.6526442307692307 0.0673076923076923 0.13822115384615385
30 0.7608173076923077 0.6442307692307693 0.05889423076923077 0.1466346153846154
30 0.8137019230769231 0.6442307692307693 0.06009615384615385 0.1466346153846154
32 0.8653846153846154 0.640625 0.06370192307692307 0.14783653846153846
32 0.9254807692307693 0.6430288461538461 0.05889423076923077 0.140625
20 0.14182692307692307 0.90625 0.10216346153846154 0.17067307692307693
20 0.24158653846153846 0.9050480769230769 0.10697115384615384 0.1814903846153846
20 0.3329326923076923 0.9050480769230769 0.0889423076923077 0.18028846153846154
20 0.421875 0.90625 0.10576923076923077 0.1814903846153846
3 0.5120192307692307 0.90625 0.0985576923076923 0.18269230769230768
5 0.5973557692307693 0.9074519230769231 0.10096153846153846 0.17908653846153846
5 0.7127403846153846 0.9014423076923077 0.0985576923076923 0.17668269230769232
5 0.8064903846153846 0.9014423076923077 0.10096153846153846 0.17908653846153846
5 0.8966346153846154 0.9050480769230769 0.10216346153846154 0.18629807692307693
19 0.13581730769230768 0.19831730769230768 0.0673076923076923 0.125
19 0.18028846153846154 0.19951923076923078 0.07932692307692307 0.1201923076923077
19 0.25240384615384615 0.19951923076923078 0.07572115384615384 0.12620192307692307
29 0.3233173076923077 0.19951923076923078 0.0673076923076923 0.12620192307692307
29 0.38461538461538464 0.19831730769230768 0.07692307692307693 0.12860576923076922
29 0.43990384615384615 0.19951923076923078 0.07211538461538461 0.12139423076923077
29 0.5060096153846154 0.203125 0.07572115384615384 0.12620192307692307
29 0.5625 0.203125 0.06850961538461539 0.12139423076923077
29 0.6213942307692307 0.19951923076923078 0.0733173076923077 0.11778846153846154
11 0.6778846153846154 0.19951923076923078 0.0733173076923077 0.12139423076923077
11 0.7355769230769231 0.203125 0.07211538461538461 0.11658653846153846
11 0.7956730769230769 0.203125 0.07692307692307693 0.11658653846153846
34 0.859375 0.20072115384615385 0.07692307692307693 0.12379807692307693
34 0.9158653846153846 0.1971153846153846 0.0733173076923077 0.11778846153846154
34 0.96875 0.19831730769230768 0.05889423076923077 0.12620192307692307
11 0.13341346153846154 0.4014423076923077 0.07211538461538461 0.11298076923076923
11 0.19230769230769232 0.40024038461538464 0.08173076923076923 0.11177884615384616
11 0.24759615384615385 0.39783653846153844 0.06850961538461539 0.11899038461538461