28 0.1141826923076923 0.6514423076923077 0.06971153846153846 0.11778846153846154
28 0.16947115384615385 0.6490384615384616 0.06370192307692307 0.12740384615384615
28 0.21995192307692307 0.6454326923076923 0.06370192307692307 0.11778846153846154
28 0.2776442307692308 0.6478365384615384 0.0673076923076923 0.11658653846153846
28 0.3317307692307692 0.6442307692307693 0.06610576923076923 0.11658653846153846
30 0.38822115384615385 0.6418269230769231 0.06370192307692307 0.11658653846153846
30 0.44711538461538464 0.6430288461538461 0.06971153846153846 0.1141826923076923
30 0.5060096153846154 0.640625 0.06971153846153846 0.12139423076923077
30 0.5673076923076923 0.640625 0.06370192307692307 0.12379807692307693
30 0.6189903846153846 0.6394230769230769 0.0673076923076923 0.12139423076923077
30 0.6766826923076923 0.6358173076923077 0.06610576923076923 0.1201923076923077
5 0.12620192307692307 0.8329326923076923 0.10096153846153846 0.17548076923076922
5 0.21875 0.8365384615384616 0.10817307692307693 0.17548076923076922
9 0.31009615384615385 0.8305288461538461 0.11298076923076923 0.18028846153846154
9 0.39903846153846156 0.8365384615384616 0.09735576923076923 0.1814903846153846
3 0.49038461538461536 0.8257211538461539 0.1045673076923077 0.17548076923076922
9 0.5985576923076923 0.8209134615384616 0.10817307692307693 0.17548076923076922
9 0.6911057692307693 0.8245192307692307 0.0985576923076923 0.17908653846153846
9 0.7860576923076923 0.8161057692307693 0.0985576923076923 0.16466346153846154
9 0.8822115384615384 0.8209134615384616 0.10096153846153846 0.17548076923076922
19 0.08774038461538461 0.3173076923076923 0.07572115384615384 0.09495192307692307
19 0.14903846153846154 0.3161057692307692 0.07692307692307693 0.09495192307692307
19 0.20432692307692307 0.31850961538461536 0.07211538461538461 0.09375
19 0.265625 0.31850961538461536 0.07692307692307693 0.09134615384615384
19 0.3233173076923077 0.31850961538461536 0.0733173076923077 0.09735576923076923
19 0.375 0.3173076923076923 0.07211538461538461 0.09495192307692307
21 0.4375 0.31009615384615385 0.08173076923076923 0.09735576923076923
21 0.4963942307692308 0.3137019230769231 0.08173076923076923 0.10336538461538461
21 0.5576923076923077 0.3125 0.07692307692307693 0.09495192307692307
21 0.6237980769230769 0.3076923076923077 0.07692307692307693 0.09735576923076923
21 0.6826923076923077 0.3088942307692308 0.07692307692307693 0.09735576923076923
21 0.7379807692307693 0.3076923076923077 0.07932692307692307 0.09735576923076923
19 0.7980769230769231 0.3088942307692308 0.06971153846153846 0.09254807692307693
19 0.8521634615384616 0.3088942307692308 0.0733173076923077 0.08774038461538461
19 0.9074519230769231 0.30649038461538464 0.07211538461538461 0.08774038461538461
19 0.9639423076923077 0.30528846153846156 0.0673076923076923 0.0889423076923077
11 0.109375 0.4951923076923077 0.07932692307692307 0.09975961538461539
11 0.17427884615384615 0.49759615384615385 0.08173076923076923 0.09495192307692307
11 0.23557692307692307 0.49278846153846156 0.07932692307692307 0.0985576923076923
11 0.2956730769230769 0.49158653846153844 0.07932692307692307 0.10096153846153846
11 0.3545673076923077 0.49158653846153844 0.06971153846153846 0.09495192307692307
11 0.41346153846153844 0.49158653846153844 0.07572115384615384 0.10096153846153846
21 0.4795673076923077 0.49038461538461536 0.07932692307692307 0.0985576923076923
21 0.5372596153846154 0.484375 0.07211538461538461 0.09975961538461539
21 0.59375 0.4831730769230769 0.0829326923076923 0.09975961538461539
11 0.6622596153846154 0.484375 0.09495192307692307 0.09975961538461539
11 0.7175480769230769 0.48677884615384615 0.07211538461538461 0.09254807692307693
11 0.7776442307692307 0.484375 0.06971153846153846 0.09254807692307693
11 0.8365384615384616 0.4807692307692308 0.07932692307692307 0.09495192307692307
11 0.8978365384615384 0.4795673076923077 0.07692307692307693 0.0985576923076923
11 0.9519230769230769 0.4807692307692308 0.07692307692307693 0.09134615384615384
21 0.734375 0.6550480769230769 0.06971153846153846 0.09495192307692307
21 0.7920673076923077 0.6538461538461539 0.06971153846153846 0.09495192307692307
21 0.8449519230769231 0.6514423076923077 0.06610576923076923 0.09134615384615384
11 0.9002403846153846 0.6526442307692307 0.07572115384615384 0.09254807692307693
9 0.8810096153846154 0.8245192307692307 0.09495192307692307 0.18389423076923078