6 0.0829326923076923 0.4050480769230769 0.11658653846153846 0.2127403846153846
6 0.16947115384615385 0.39783653846153844 0.10336538461538461 0.2127403846153846
6 0.24759615384615385 0.390625 0.08774038461538461 0.19951923076923078
27 0.3425480769230769 0.3701923076923077 0.10096153846153846 0.22115384615384615
27 0.421875 0.36899038461538464 0.08774038461538461 0.20673076923076922
27 0.4951923076923077 0.36177884615384615 0.09495192307692307 0.20673076923076922
30 0.5685096153846154 0.3629807692307692 0.08173076923076923 0.19471153846153846
30 0.625 0.3605769230769231 0.07091346153846154 0.17908653846153846
30 0.6802884615384616 0.34975961538461536 0.07091346153846154 0.18269230769230768
30 0.7379807692307693 0.34975961538461536 0.0733173076923077 0.16706730769230768
30 0.7872596153846154 0.34134615384615385 0.055288461538461536 0.17548076923076922
15 0.8653846153846154 0.3233173076923077 0.09254807692307693 0.22355769230769232
15 0.953125 0.3173076923076923 0.09014423076923077 0.22355769230769232
20 0.09735576923076923 0.6778846153846154 0.09254807692307693 0.18028846153846154
20 0.17427884615384615 0.6706730769230769 0.08774038461538461 0.16826923076923078
20 0.25240384615384615 0.6514423076923077 0.08653846153846154 0.15865384615384615
20 0.3329326923076923 0.6370192307692307 0.07932692307692307 0.1502403846153846
20 0.39783653846153844 0.6286057692307693 0.07451923076923077 0.15384615384615385
20 0.46634615384615385 0.6177884615384616 0.08413461538461539 0.1622596153846154
15 0.5288461538461539 0.6117788461538461 0.06850961538461539 0.1502403846153846
15 0.5913461538461539 0.6033653846153846 0.07451923076923077 0.1502403846153846
15 0.65625 0.5925480769230769 0.0733173076923077 0.1502403846153846
15 0.7139423076923077 0.59375 0.055288461538461536 0.15504807692307693
33 0.7764423076923077 0.5805288461538461 0.0733173076923077 0.14783653846153846
33 0.8317307692307693 0.5745192307692307 0.06610576923076923 0.1502403846153846
30 0.8894230769230769 0.5588942307692307 0.057692307692307696 0.1502403846153846
30 0.9375 0.5516826923076923 0.055288461538461536 0.1466346153846154
15 0.1778846153846154 0.9435096153846154 0.11298076923076923 0.11057692307692307
3 0.29086538461538464 0.90625 0.11057692307692307 0.18028846153846154
3 0.39302884615384615 0.8978365384615384 0.11538461538461539 0.19471153846153846
3 0.48197115384615385 0.8737980769230769 0.10817307692307693 0.20072115384615385
20 0.5745192307692307 0.8485576923076923 0.09735576923076923 0.18389423076923078
20 0.6598557692307693 0.8389423076923077 0.09254807692307693 0.21634615384615385
20 0.7367788461538461 0.8209134615384616 0.09975961538461539 0.20072115384615385
9 0.8353365384615384 0.8028846153846154 0.09495192307692307 0.20793269230769232
9 0.9122596153846154 0.7776442307692307 0.09735576923076923 0.18870192307692307
31 0.054086538461538464 0.0889423076923077 0.10336538461538461 0.15865384615384615
31 0.12860576923076922 0.06009615384615385 0.10096153846153846 0.10576923076923077
31 0.21514423076923078 0.0889423076923077 0.10817307692307693 0.17427884615384615
31 0.31009615384615385 0.0889423076923077 0.10817307692307693 0.16706730769230768
31 0.38461538461538464 0.08774038461538461 0.09014423076923077 0.16826923076923078
31 0.46033653846153844 0.0889423076923077 0.09975961538461539 0.16346153846153846
19 0.5336538461538461 0.08653846153846154 0.09014423076923077 0.15504807692307693
19 0.5997596153846154 0.08533653846153846 0.08653846153846154 0.15384615384615385
19 0.6610576923076923 0.08413461538461539 0.07692307692307693 0.15144230769230768
29 0.7391826923076923 0.0889423076923077 0.09735576923076923 0.15384615384615385
29 0.8004807692307693 0.05889423076923077 0.06850961538461539 0.10096153846153846
29 0.8557692307692307 0.0625 0.07692307692307693 0.09735576923076923