36 0.10697115384615384 0.4699519230769231 0.1201923076923077 0.15625
35 0.2091346153846154 0.46875 0.10817307692307693 0.14903846153846154
33 0.30528846153846156 0.45913461538461536 0.09735576923076923 0.17427884615384615
14 0.40384615384615385 0.44591346153846156 0.09134615384615384 0.1971153846153846
20 0.49158653846153844 0.4423076923076923 0.0889423076923077 0.1971153846153846
15 0.5829326923076923 0.44350961538461536 0.09735576923076923 0.18990384615384615
30 0.6766826923076923 0.4375 0.0829326923076923 0.19471153846153846
30 0.7668269230769231 0.4362980769230769 0.09735576923076923 0.19110576923076922
14 0.12740384615384615 0.6947115384615384 0.10576923076923077 0.1814903846153846
30 0.22115384615384615 0.6899038461538461 0.09495192307692307 0.18028846153846154
30 0.3088942307692308 0.6826923076923077 0.0889423076923077 0.18028846153846154
36 0.3918269230769231 0.6995192307692307 0.07572115384615384 0.14543269230769232
3 0.4699519230769231 0.6814903846153846 0.08052884615384616 0.18509615384615385
3 0.5528846153846154 0.6790865384615384 0.08533653846153846 0.17548076923076922
5 0.6454326923076923 0.6706730769230769 0.0829326923076923 0.18028846153846154
17 0.7379807692307693 0.6706730769230769 0.09134615384615384 0.18269230769230768
30 0.15144230769230768 0.9086538461538461 0.10817307692307693 0.16706730769230768
20 0.24519230769230768 0.9026442307692307 0.08052884615384616 0.16346153846153846
27 0.33533653846153844 0.8990384615384616 0.09975961538461539 0.16466346153846154
14 0.4230769230769231 0.8942307692307693 0.0829326923076923 0.16346153846153846
14 0.5132211538461539 0.8882211538461539 0.08653846153846154 0.16346153846153846
36 0.6057692307692307 0.8942307692307693 0.07211538461538461 0.12860576923076922
36 0.6911057692307693 0.8882211538461539 0.07572115384615384 0.1310096153846154
13 0.07932692307692307 0.19230769230769232 0.125 0.15865384615384615
13 0.16466346153846154 0.19831730769230768 0.0889423076923077 0.15504807692307693
13 0.23677884615384615 0.19831730769230768 0.11899038461538461 0.15384615384615385
13 0.33774038461538464 0.19831730769230768 0.11177884615384616 0.15384615384615385
10 0.42427884615384615 0.19951923076923078 0.08052884615384616 0.1502403846153846
10 0.5132211538461539 0.19831730769230768 0.11899038461538461 0.15264423076923078
10 0.6057692307692307 0.20072115384615385 0.10576923076923077 0.1502403846153846
19 0.7007211538461539 0.19951923076923078 0.10817307692307693 0.14903846153846154
19 0.7956730769230769 0.20072115384615385 0.11658653846153846 0.1502403846153846