20 0.1045673076923077 0.453125 0.14302884615384615 0.24879807692307693
20 0.21153846153846154 0.4495192307692308 0.125 0.22235576923076922
20 0.328125 0.44591346153846156 0.1310096153846154 0.2283653846153846
3 0.4387019230769231 0.44350961538461536 0.12980769230769232 0.21754807692307693
14 0.5492788461538461 0.44471153846153844 0.12139423076923077 0.21514423076923078
9 0.6538461538461539 0.44471153846153844 0.1201923076923077 0.21514423076923078
9 0.765625 0.44591346153846156 0.11778846153846154 0.21995192307692307
33 0.8641826923076923 0.4495192307692308 0.0985576923076923 0.2091346153846154
15 0.18629807692307693 0.6875 0.1141826923076923 0.1778846153846154
15 0.27403846153846156 0.6875 0.10096153846153846 0.17908653846153846
30 0.3701923076923077 0.6862980769230769 0.10817307692307693 0.17668269230769232
30 0.4579326923076923 0.6875 0.0985576923076923 0.17908653846153846
25 0.5492788461538461 0.6875 0.11057692307692307 0.18269230769230768
27 0.6442307692307693 0.6875 0.11538461538461539 0.1875
27 0.7475961538461539 0.6862980769230769 0.11538461538461539 0.18509615384615385
27 0.8521634615384616 0.6850961538461539 0.11778846153846154 0.17548076923076922
5 0.18509615384615385 0.875 0.11177884615384616 0.12620192307692307
5 0.2824519230769231 0.8870192307692307 0.1045673076923077 0.13822115384615385
5 0.3701923076923077 0.8870192307692307 0.09615384615384616 0.13581730769230768
5 0.4639423076923077 0.8786057692307693 0.10216346153846154 0.12980769230769232
5 0.5576923076923077 0.8762019230769231 0.09615384615384616 0.12860576923076922
36 0.6622596153846154 0.8918269230769231 0.0889423076923077 0.12620192307692307
36 0.7512019230769231 0.8954326923076923 0.08533653846153846 0.12379807692307693
36 0.8353365384615384 0.8930288461538461 0.09254807692307693 0.1141826923076923
19 0.06971153846153846 0.19951923076923078 0.1346153846153846 0.21153846153846154
19 0.17908653846153846 0.18870192307692307 0.1502403846153846 0.18870192307692307
2 0.2920673076923077 0.18870192307692307 0.14302884615384615 0.19110576923076922
2 0.40384615384615385 0.19110576923076922 0.140625 0.18870192307692307
13 0.5168269230769231 0.18990384615384615 0.14302884615384615 0.19831730769230768
13 0.6322115384615384 0.19110576923076922 0.140625 0.19230769230769232
8 0.7548076923076923 0.19471153846153846 0.1502403846153846 0.19471153846153846
29 0.8677884615384616 0.19110576923076922 0.14903846153846154 0.18990384615384615