5 0.06610576923076923 0.47836538461538464 0.08533653846153846 0.13221153846153846
5 0.13822115384615385 0.47836538461538464 0.08533653846153846 0.125
36 0.20072115384615385 0.49278846153846156 0.0673076923076923 0.10216346153846154
36 0.2536057692307692 0.49399038461538464 0.07211538461538461 0.09254807692307693
36 0.3076923076923077 0.49278846153846156 0.0673076923076923 0.08653846153846154
14 0.3605769230769231 0.48197115384615385 0.06971153846153846 0.12259615384615384
14 0.4230769230769231 0.48197115384615385 0.07572115384615384 0.11899038461538461
33 0.4855769230769231 0.48197115384615385 0.07572115384615384 0.13221153846153846
33 0.5456730769230769 0.4795673076923077 0.078125 0.12620192307692307
32 0.6081730769230769 0.48197115384615385 0.06971153846153846 0.13942307692307693
32 0.6622596153846154 0.4831730769230769 0.0673076923076923 0.12860576923076922
30 0.7211538461538461 0.48197115384615385 0.07211538461538461 0.12620192307692307
30 0.7752403846153846 0.4795673076923077 0.0673076923076923 0.12860576923076922
30 0.828125 0.484375 0.0733173076923077 0.12860576923076922
30 0.8882211538461539 0.48677884615384615 0.07211538461538461 0.12980769230769232
33 0.1045673076923077 0.6213942307692307 0.09134615384615384 0.12259615384615384
33 0.17908653846153846 0.6225961538461539 0.09375 0.12139423076923077
33 0.2608173076923077 0.6237980769230769 0.1045673076923077 0.11778846153846154
33 0.3401442307692308 0.6310096153846154 0.09375 0.12379807692307693
33 0.4182692307692308 0.6298076923076923 0.09375 0.12139423076923077
33 0.4891826923076923 0.6346153846153846 0.09134615384615384 0.12620192307692307
15 0.5661057692307693 0.6358173076923077 0.09375 0.125
15 0.6478365384615384 0.6394230769230769 0.09134615384615384 0.1346153846153846
15 0.7235576923076923 0.6442307692307693 0.09615384615384616 0.13701923076923078
15 0.8064903846153846 0.6682692307692307 0.0733173076923077 0.10697115384615384
15 0.8689903846153846 0.6706730769230769 0.07211538461538461 0.10336538461538461
20 0.09014423076923077 0.8293269230769231 0.09375 0.15745192307692307
20 0.16947115384615385 0.8293269230769231 0.0829326923076923 0.14783653846153846
9 0.24879807692307693 0.8269230769230769 0.09735576923076923 0.1502403846153846
9 0.33533653846153844 0.8269230769230769 0.09735576923076923 0.14543269230769232
9 0.4206730769230769 0.8341346153846154 0.09375 0.14783653846153846
9 0.5012019230769231 0.828125 0.09735576923076923 0.15264423076923078
9 0.5841346153846154 0.8341346153846154 0.09735576923076923 0.1622596153846154
9 0.6706730769230769 0.8377403846153846 0.09735576923076923 0.1622596153846154
12 0.7463942307692307 0.8497596153846154 0.09375 0.15264423076923078
12 0.8353365384615384 0.8557692307692307 0.10216346153846154 0.15264423076923078
19 0.09735576923076923 0.22355769230769232 0.0829326923076923 0.09735576923076923
19 0.16105769230769232 0.2247596153846154 0.09134615384615384 0.0985576923076923
10 0.22596153846153846 0.22596153846153846 0.08653846153846154 0.10336538461538461
10 0.28365384615384615 0.22235576923076922 0.07572115384615384 0.10336538461538461
10 0.3401442307692308 0.22596153846153846 0.0889423076923077 0.10576923076923077
11 0.40384615384615385 0.2247596153846154 0.1045673076923077 0.1045673076923077
11 0.46033653846153844 0.22115384615384615 0.09615384615384616 0.11177884615384616
11 0.5276442307692307 0.22115384615384615 0.10697115384615384 0.10576923076923077
31 0.5901442307692307 0.21995192307692307 0.08533653846153846 0.0985576923076923
31 0.6526442307692307 0.22115384615384615 0.0829326923076923 0.1045673076923077
31 0.7139423076923077 0.22235576923076922 0.08533653846153846 0.10336538461538461
19 0.0673076923076923 0.31490384615384615 0.09134615384615384 0.09495192307692307
19 0.11778846153846154 0.3161057692307692 0.08653846153846154 0.09254807692307693
19 0.17668269230769232 0.3125 0.09615384615384616 0.09014423076923077
10 0.23557692307692307 0.3125 0.09375 0.09254807692307693
10 0.29927884615384615 0.3125 0.08052884615384616 0.09254807692307693
10 0.3545673076923077 0.31009615384615385 0.09134615384615384 0.09615384615384616
11 0.41346153846153844 0.3161057692307692 0.09134615384615384 0.0985576923076923
11 0.5252403846153846 0.3161057692307692 0.0889423076923077 0.09495192307692307
34 0.5805288461538461 0.3137019230769231 0.08653846153846154 0.09975961538461539
34 0.6454326923076923 0.3125 0.09975961538461539 0.1045673076923077
31 0.7103365384615384 0.3161057692307692 0.08533653846153846 0.10576923076923077
31 0.7716346153846154 0.31009615384615385 0.09134615384615384 0.1141826923076923
29 0.8329326923076923 0.3137019230769231 0.08653846153846154 0.11538461538461539
29 0.9038461538461539 0.31490384615384615 0.08533653846153846 0.11177884615384616