30 0.07932692307692307 0.6213942307692307 0.125 0.22355769230769232
30 0.1875 0.6069711538461539 0.11177884615384616 0.20552884615384615
30 0.2932692307692308 0.5997596153846154 0.11177884615384616 0.2091346153846154
25 0.3918269230769231 0.59375 0.13221153846153846 0.19831730769230768
15 0.4987980769230769 0.59375 0.10576923076923077 0.203125
27 0.7103365384615384 0.5649038461538461 0.12139423076923077 0.19831730769230768
27 0.8173076923076923 0.5600961538461539 0.125 0.20793269230769232
30 0.08653846153846154 0.859375 0.09735576923076923 0.1814903846153846
25 0.18870192307692307 0.8401442307692307 0.125 0.1778846153846154
25 0.2956730769230769 0.828125 0.109375 0.16947115384615385
14 0.4014423076923077 0.8221153846153846 0.10817307692307693 0.17668269230769232
5 0.4951923076923077 0.8064903846153846 0.10216346153846154 0.17427884615384615
9 0.5865384615384616 0.8064903846153846 0.1045673076923077 0.171875
9 0.6790865384615384 0.7884615384615384 0.09735576923076923 0.17307692307692307
14 0.7764423076923077 0.7896634615384616 0.10817307692307693 0.1658653846153846
22 0.04927884615384615 0.3713942307692308 0.0985576923076923 0.19471153846153846
29 0.1502403846153846 0.36177884615384615 0.13701923076923078 0.17908653846153846
11 0.2668269230769231 0.3605769230769231 0.13221153846153846 0.17668269230769232
11 0.38100961538461536 0.35336538461538464 0.13581730769230768 0.17307692307692307
13 0.49278846153846156 0.3545673076923077 0.13221153846153846 0.16346153846153846
13 0.5961538461538461 0.35096153846153844 0.14182692307692307 0.1658653846153846
4 0.7007211538461539 0.3401442307692308 0.11778846153846154 0.17307692307692307
4 0.7908653846153846 0.3425480769230769 0.09975961538461539 0.16466346153846154
4 0.8762019230769231 0.3425480769230769 0.14182692307692307 0.15625
11 0.5985576923076923 0.6069711538461539 0.11778846153846154 0.14302884615384615