19 0.1045673076923077 0.14543269230769232 0.08052884615384616 0.08052884615384616
19 0.16466346153846154 0.15264423076923078 0.06971153846153846 0.07932692307692307
19 0.23076923076923078 0.15745192307692307 0.078125 0.07572115384615384
19 0.2920673076923077 0.16466346153846154 0.07451923076923077 0.07211538461538461
19 0.34975961538461536 0.16826923076923078 0.08052884615384616 0.07692307692307693
19 0.40865384615384615 0.17307692307692307 0.07451923076923077 0.06610576923076923
19 0.4675480769230769 0.17427884615384615 0.07692307692307693 0.07091346153846154
19 0.5264423076923077 0.18028846153846154 0.06850961538461539 0.07091346153846154
19 0.5793269230769231 0.18028846153846154 0.06850961538461539 0.06370192307692307
19 0.6334134615384616 0.18990384615384615 0.06610576923076923 0.0733173076923077
19 0.1045673076923077 0.29927884615384615 0.05889423076923077 0.07451923076923077
19 0.15625 0.3016826923076923 0.0829326923076923 0.078125
19 0.2247596153846154 0.30288461538461536 0.08533653846153846 0.07572115384615384
19 0.2824519230769231 0.30408653846153844 0.08052884615384616 0.078125
19 0.3473557692307692 0.30408653846153844 0.07451923076923077 0.07572115384615384
19 0.40384615384615385 0.30528846153846156 0.07211538461538461 0.0733173076923077
19 0.45913461538461536 0.3088942307692308 0.07451923076923077 0.07211538461538461
19 0.5132211538461539 0.3088942307692308 0.06971153846153846 0.07091346153846154
19 0.5769230769230769 0.31009615384615385 0.0829326923076923 0.06850961538461539
19 0.6358173076923077 0.3173076923076923 0.06971153846153846 0.07572115384615384
19 0.11298076923076923 0.46634615384615385 0.06850961538461539 0.07211538461538461
19 0.1658653846153846 0.46634615384615385 0.0889423076923077 0.07572115384615384
19 0.23317307692307693 0.4651442307692308 0.08533653846153846 0.0733173076923077
19 0.2980769230769231 0.46634615384615385 0.08653846153846154 0.07451923076923077
19 0.3557692307692308 0.46634615384615385 0.0829326923076923 0.07451923076923077
19 0.41466346153846156 0.4639423076923077 0.0829326923076923 0.0733173076923077
19 0.47475961538461536 0.4639423076923077 0.0829326923076923 0.0625
19 0.5288461538461539 0.4651442307692308 0.07211538461538461 0.07211538461538461
19 0.5877403846153846 0.46274038461538464 0.07211538461538461 0.06490384615384616
19 0.6382211538461539 0.46875 0.06971153846153846 0.07572115384615384
2 0.11899038461538461 0.6009615384615384 0.05048076923076923 0.07211538461538461
2 0.16826923076923078 0.6009615384615384 0.08533653846153846 0.078125
2 0.2283653846153846 0.5949519230769231 0.078125 0.07091346153846154
2 0.28725961538461536 0.5973557692307693 0.08653846153846154 0.07091346153846154
2 0.34975961538461536 0.5925480769230769 0.07451923076923077 0.07091346153846154
2 0.4050480769230769 0.5913461538461539 0.07451923076923077 0.07451923076923077
34 0.46153846153846156 0.5889423076923077 0.07451923076923077 0.07091346153846154
34 0.5228365384615384 0.5853365384615384 0.07211538461538461 0.07451923076923077
34 0.5757211538461539 0.5841346153846154 0.07692307692307693 0.06850961538461539
34 0.6274038461538461 0.5841346153846154 0.06971153846153846 0.06850961538461539