32 0.05048076923076923 0.32211538461538464 0.10096153846153846 0.2127403846153846
6 0.13341346153846154 0.3269230769230769 0.10096153846153846 0.19471153846153846
6 0.21634615384615385 0.3245192307692308 0.09134615384615384 0.20192307692307693
27 0.2980769230769231 0.31850961538461536 0.10817307692307693 0.22596153846153846
25 0.38822115384615385 0.3269230769230769 0.0985576923076923 0.18629807692307693
25 0.4699519230769231 0.3317307692307692 0.09495192307692307 0.18629807692307693
20 0.5456730769230769 0.32211538461538464 0.0829326923076923 0.19471153846153846
17 0.020432692307692308 0.6105769230769231 0.039663461538461536 0.18389423076923078
15 0.07451923076923077 0.6069711538461539 0.0889423076923077 0.17668269230769232
27 0.1502403846153846 0.5841346153846154 0.10096153846153846 0.2127403846153846
14 0.2283653846153846 0.5901442307692307 0.0889423076923077 0.18629807692307693
14 0.3088942307692308 0.5925480769230769 0.08653846153846154 0.19471153846153846
33 0.3870192307692308 0.6021634615384616 0.09254807692307693 0.17668269230769232
32 0.46875 0.5889423076923077 0.08533653846153846 0.19471153846153846
30 0.5420673076923077 0.5841346153846154 0.07932692307692307 0.19951923076923078
5 0.03125 0.84375 0.0625 0.20072115384615385
5 0.09975961538461539 0.8377403846153846 0.10096153846153846 0.19471153846153846
6 0.17908653846153846 0.8353365384615384 0.09254807692307693 0.18389423076923078
6 0.25600961538461536 0.8353365384615384 0.09495192307692307 0.18629807692307693
25 0.33653846153846156 0.8317307692307693 0.09134615384615384 0.18629807692307693
36 0.4050480769230769 0.84375 0.07572115384615384 0.1466346153846154
35 0.4795673076923077 0.8425480769230769 0.0829326923076923 0.14423076923076922
35 0.5396634615384616 0.8413461538461539 0.07211538461538461 0.1502403846153846
19 0.04447115384615385 0.07091346153846154 0.0889423076923077 0.13942307692307693
26 0.11778846153846154 0.06850961538461539 0.10096153846153846 0.13701923076923078
10 0.20552884615384615 0.07211538461538461 0.09615384615384616 0.13822115384615385
8 0.28365384615384615 0.07211538461538461 0.1045673076923077 0.14423076923076922
11 0.36778846153846156 0.07091346153846154 0.10576923076923077 0.14182692307692307
31 0.46634615384615385 0.07211538461538461 0.10216346153846154 0.14302884615384615
26 0.546875 0.07572115384615384 0.10216346153846154 0.13701923076923078