9 0.08653846153846154 0.3942307692307692 0.06490384615384616 0.10336538461538461
9 0.13221153846153846 0.390625 0.046875 0.1045673076923077
5 0.17908653846153846 0.3954326923076923 0.06129807692307692 0.11298076923076923
14 0.22596153846153846 0.39302884615384615 0.052884615384615384 0.1045673076923077
14 0.2764423076923077 0.3942307692307692 0.056490384615384616 0.09495192307692307
3 0.3173076923076923 0.3942307692307692 0.05048076923076923 0.09615384615384616
3 0.3605769230769231 0.3954326923076923 0.04567307692307692 0.0889423076923077
3 0.4050480769230769 0.39663461538461536 0.04567307692307692 0.09254807692307693
30 0.09495192307692307 0.5276442307692307 0.05048076923076923 0.11778846153846154
30 0.1346153846153846 0.5276442307692307 0.04927884615384615 0.11298076923076923
30 0.1778846153846154 0.5288461538461539 0.05048076923076923 0.09615384615384616
9 0.21995192307692307 0.5288461538461539 0.054086538461538464 0.10697115384615384
14 0.26322115384615385 0.5288461538461539 0.05048076923076923 0.10096153846153846
3 0.3088942307692308 0.5288461538461539 0.056490384615384616 0.10697115384615384
5 0.35697115384615385 0.53125 0.057692307692307696 0.0985576923076923
5 0.39663461538461536 0.5264423076923077 0.04567307692307692 0.0985576923076923
5 0.0985576923076923 0.6394230769230769 0.054086538461538464 0.08052884615384616
5 0.14903846153846154 0.6430288461538461 0.054086538461538464 0.08774038461538461
5 0.19471153846153846 0.6418269230769231 0.054086538461538464 0.08413461538461539
5 0.24158653846153846 0.640625 0.054086538461538464 0.08052884615384616
5 0.28846153846153844 0.6382211538461539 0.046875 0.078125
5 0.3317307692307692 0.6370192307692307 0.04927884615384615 0.07572115384615384
5 0.37740384615384615 0.6346153846153846 0.06129807692307692 0.07211538461538461
14 0.09615384615384616 0.7776442307692307 0.05048076923076923 0.09615384615384616
14 0.14543269230769232 0.7716346153846154 0.054086538461538464 0.09014423076923077
14 0.19110576923076922 0.7680288461538461 0.05048076923076923 0.09254807692307693
20 0.2283653846153846 0.765625 0.04326923076923077 0.0829326923076923
20 0.265625 0.7644230769230769 0.056490384615384616 0.08413461538461539
9 0.31009615384615385 0.7620192307692307 0.054086538461538464 0.08052884615384616
9 0.3485576923076923 0.7596153846153846 0.046875 0.07932692307692307
9 0.3942307692307692 0.7620192307692307 0.05048076923076923 0.08653846153846154
4 0.07692307692307693 0.2644230769230769 0.06009615384615385 0.07932692307692307
4 0.12379807692307693 0.2692307692307692 0.06009615384615385 0.08173076923076923
4 0.17548076923076922 0.27163461538461536 0.06009615384615385 0.078125
4 0.21995192307692307 0.27283653846153844 0.06129807692307692 0.07572115384615384
2 0.2644230769230769 0.2776442307692308 0.056490384615384616 0.07692307692307693
2 0.3125 0.2776442307692308 0.06009615384615385 0.07692307692307693
2 0.35336538461538464 0.2824519230769231 0.057692307692307696 0.07692307692307693
2 0.4050480769230769 0.28365384615384615 0.056490384615384616 0.07211538461538461