15 0.13221153846153846 0.41346153846153844 0.10697115384615384 0.20673076923076922
15 0.23557692307692307 0.41466346153846156 0.1045673076923077 0.20793269230769232
15 0.3233173076923077 0.4230769230769231 0.09254807692307693 0.2127403846153846
25 0.40384615384615385 0.4230769230769231 0.09254807692307693 0.20793269230769232
27 0.4891826923076923 0.41466346153846156 0.09134615384615384 0.23317307692307693
14 0.5793269230769231 0.4230769230769231 0.09254807692307693 0.21995192307692307
14 0.6646634615384616 0.42427884615384615 0.078125 0.20072115384615385
14 0.7427884615384616 0.42788461538461536 0.08413461538461539 0.2091346153846154
6 0.19831730769230768 0.6682692307692307 0.08173076923076923 0.15985576923076922
33 0.27524038461538464 0.6802884615384616 0.08653846153846154 0.15985576923076922
3 0.3557692307692308 0.6754807692307693 0.07932692307692307 0.17307692307692307
14 0.4206730769230769 0.6574519230769231 0.06971153846153846 0.16706730769230768
6 0.4891826923076923 0.6742788461538461 0.07211538461538461 0.1778846153846154
30 0.5552884615384616 0.6802884615384616 0.07932692307692307 0.19110576923076922
30 0.6237980769230769 0.6814903846153846 0.07932692307692307 0.1971153846153846
30 0.6911057692307693 0.6802884615384616 0.07211538461538461 0.18990384615384615
25 0.20192307692307693 0.8954326923076923 0.0889423076923077 0.1622596153846154
25 0.27524038461538464 0.8942307692307693 0.09134615384615384 0.15985576923076922
25 0.3425480769230769 0.8930288461538461 0.07692307692307693 0.16346153846153846
6 0.41225961538461536 0.8942307692307693 0.07692307692307693 0.15384615384615385
5 0.4795673076923077 0.8870192307692307 0.07211538461538461 0.15625
5 0.5408653846153846 0.8737980769230769 0.07692307692307693 0.15144230769230768
5 0.6105769230769231 0.875 0.0829326923076923 0.15264423076923078
5 0.6802884615384616 0.8786057692307693 0.07692307692307693 0.15504807692307693
29 0.1045673076923077 0.12259615384615384 0.10697115384615384 0.17668269230769232
19 0.18990384615384615 0.11899038461538461 0.109375 0.1778846153846154
4 0.2776442307692308 0.11778846153846154 0.13221153846153846 0.17427884615384615
2 0.3737980769230769 0.1201923076923077 0.10697115384615384 0.18269230769230768
11 0.4567307692307692 0.12139423076923077 0.10697115384615384 0.1814903846153846
19 0.5324519230769231 0.12139423076923077 0.08653846153846154 0.17427884615384615
11 0.6021634615384616 0.12259615384615384 0.10576923076923077 0.16947115384615385
2 0.6923076923076923 0.12620192307692307 0.11658653846153846 0.16947115384615385
10 0.7776442307692307 0.12980769230769232 0.1141826923076923 0.18269230769230768