27 0.1875 0.27163461538461536 0.0889423076923077 0.16466346153846154
33 0.26322115384615385 0.27884615384615385 0.09254807692307693 0.15625
15 0.33653846153846156 0.27403846153846156 0.07932692307692307 0.15625
25 0.4098557692307692 0.2776442307692308 0.08774038461538461 0.15985576923076922
32 0.4795673076923077 0.2824519230769231 0.07572115384615384 0.15625
15 0.5456730769230769 0.27524038461538464 0.08774038461538461 0.1466346153846154
15 0.6189903846153846 0.2704326923076923 0.07932692307692307 0.14423076923076922
3 0.6862980769230769 0.2704326923076923 0.08052884615384616 0.14302884615384615
11 0.19110576923076922 0.4699519230769231 0.08052884615384616 0.15865384615384615
11 0.2668269230769231 0.46274038461538464 0.08533653846153846 0.14783653846153846
27 0.33774038461538464 0.46033653846153844 0.08774038461538461 0.15504807692307693
27 0.41947115384615385 0.45913461538461536 0.08533653846153846 0.14903846153846154
30 0.5072115384615384 0.4639423076923077 0.08533653846153846 0.14302884615384615
30 0.5709134615384616 0.46274038461538464 0.06850961538461539 0.13581730769230768
15 0.6346153846153846 0.46033653846153844 0.0733173076923077 0.13581730769230768
3 0.6947115384615384 0.45913461538461536 0.06129807692307692 0.13701923076923078
3 0.7548076923076923 0.4567307692307692 0.07932692307692307 0.1346153846153846
3 0.8269230769230769 0.45552884615384615 0.07572115384615384 0.1310096153846154
20 0.21754807692307693 0.7584134615384616 0.11899038461538461 0.21754807692307693
9 0.3317307692307692 0.7704326923076923 0.11298076923076923 0.23677884615384615
14 0.44350961538461536 0.7632211538461539 0.12740384615384615 0.2283653846153846
5 0.5588942307692307 0.7608173076923077 0.12139423076923077 0.2283653846153846
20 0.6310096153846154 0.7824519230769231 0.04447115384615385 0.13822115384615385
20 0.6826923076923077 0.8052884615384616 0.0733173076923077 0.15264423076923078
5 0.7884615384615384 0.7548076923076923 0.19951923076923078 0.2548076923076923
22 0.15865384615384615 0.0985576923076923 0.08413461538461539 0.11057692307692307
2 0.22716346153846154 0.0985576923076923 0.09254807692307693 0.1141826923076923
2 0.29927884615384615 0.09735576923076923 0.0889423076923077 0.10576923076923077
8 0.3737980769230769 0.09375 0.09134615384615384 0.1141826923076923
8 0.44350961538461536 0.09495192307692307 0.0829326923076923 0.11538461538461539
8 0.5096153846153846 0.09615384615384616 0.08413461538461539 0.11057692307692307
29 0.5805288461538461 0.09375 0.08533653846153846 0.1141826923076923
8 0.6514423076923077 0.0985576923076923 0.08533653846153846 0.11538461538461539
8 0.7127403846153846 0.09134615384615384 0.07692307692307693 0.11658653846153846
11 0.7632211538461539 0.09254807692307693 0.04927884615384615 0.1045673076923077
11 0.8185096153846154 0.09495192307692307 0.08413461538461539 0.1141826923076923
11 0.7572115384615384 0.29447115384615385 0.0829326923076923 0.11057692307692307
11 0.8221153846153846 0.29086538461538464 0.08052884615384616 0.10697115384615384