27 0.10576923076923077 0.4182692307692308 0.12620192307692307 0.23798076923076922
27 0.20552884615384615 0.41947115384615385 0.11298076923076923 0.23557692307692307
27 0.2980769230769231 0.4206730769230769 0.11899038461538461 0.23076923076923078
30 0.3942307692307692 0.42427884615384615 0.09495192307692307 0.22355769230769232
30 0.4735576923076923 0.4254807692307692 0.08052884615384616 0.22235576923076922
30 0.5528846153846154 0.4266826923076923 0.08653846153846154 0.22235576923076922
30 0.6346153846153846 0.4266826923076923 0.08052884615384616 0.2247596153846154
30 0.7163461538461539 0.4266826923076923 0.0733173076923077 0.21875
32 0.7932692307692307 0.4254807692307692 0.08413461538461539 0.21995192307692307
32 0.8725961538461539 0.4230769230769231 0.08653846153846154 0.21754807692307693
15 0.17067307692307693 0.7067307692307693 0.09735576923076923 0.1658653846153846
15 0.2512019230769231 0.7067307692307693 0.08653846153846154 0.1658653846153846
15 0.33052884615384615 0.7043269230769231 0.0889423076923077 0.16706730769230768
15 0.4170673076923077 0.6947115384615384 0.0889423076923077 0.1875
15 0.5060096153846154 0.6923076923076923 0.08653846153846154 0.1814903846153846
15 0.5865384615384616 0.6911057692307693 0.0889423076923077 0.18269230769230768
33 0.6790865384615384 0.6887019230769231 0.09495192307692307 0.1875
33 0.7620192307692307 0.6862980769230769 0.07211538461538461 0.18629807692307693
33 0.8485576923076923 0.6850961538461539 0.09134615384615384 0.18269230769230768
20 0.27163461538461536 0.9122596153846154 0.1045673076923077 0.17307692307692307
20 0.3545673076923077 0.90625 0.08413461538461539 0.1658653846153846
14 0.4387019230769231 0.9086538461538461 0.08653846153846154 0.17307692307692307
14 0.5168269230769231 0.9050480769230769 0.08052884615384616 0.1658653846153846
14 0.59375 0.9002403846153846 0.08052884615384616 0.16706730769230768
33 0.671875 0.9026442307692307 0.0889423076923077 0.17548076923076922
33 0.7572115384615384 0.8978365384615384 0.08653846153846154 0.16346153846153846
33 0.8389423076923077 0.8990384615384616 0.0829326923076923 0.1658653846153846
19 0.05889423076923077 0.12620192307692307 0.11658653846153846 0.1935096153846154
19 0.14783653846153846 0.12379807692307693 0.12620192307692307 0.19110576923076922
19 0.2439903846153846 0.12860576923076922 0.11899038461538461 0.1971153846153846
31 0.34375 0.12860576923076922 0.12740384615384615 0.18629807692307693
31 0.43509615384615385 0.12980769230769232 0.11899038461538461 0.19110576923076922
11 0.5324519230769231 0.12740384615384615 0.11899038461538461 0.19831730769230768
11 0.6201923076923077 0.1346153846153846 0.11298076923076923 0.1875
2 0.734375 0.12620192307692307 0.12379807692307693 0.19230769230769232
2 0.8269230769230769 0.12860576923076922 0.11658653846153846 0.19110576923076922
2 0.9158653846153846 0.12620192307692307 0.11658653846153846 0.19471153846153846