17 0.19230769230769232 0.40024038461538464 0.07932692307692307 0.21514423076923078
17 0.27163461538461536 0.3918269230769231 0.1141826923076923 0.19471153846153846
17 0.37259615384615385 0.3894230769230769 0.109375 0.19110576923076922
15 0.46875 0.3942307692307692 0.1045673076923077 0.15504807692307693
25 0.5600961538461539 0.3798076923076923 0.109375 0.17908653846153846
15 0.640625 0.38341346153846156 0.09134615384615384 0.15625
36 0.7223557692307693 0.3858173076923077 0.07692307692307693 0.12980769230769232
25 0.8064903846153846 0.36538461538461536 0.09735576923076923 0.1658653846153846
28 0.19230769230769232 0.6286057692307693 0.051682692307692304 0.16826923076923078
28 0.2620192307692308 0.6153846153846154 0.08413461538461539 0.16466346153846154
28 0.34375 0.6057692307692307 0.08653846153846154 0.16105769230769232
27 0.41586538461538464 0.59375 0.10576923076923077 0.16947115384615385
27 0.5108173076923077 0.5877403846153846 0.09735576923076923 0.15625
27 0.6021634615384616 0.5757211538461539 0.08653846153846154 0.15504807692307693
3 0.6814903846153846 0.5673076923076923 0.08774038461538461 0.13581730769230768
14 0.7632211538461539 0.5600961538461539 0.08653846153846154 0.14182692307692307
5 0.24759615384615385 0.8052884615384616 0.09735576923076923 0.15144230769230768
5 0.33653846153846156 0.7884615384615384 0.09735576923076923 0.13581730769230768
14 0.4206730769230769 0.7788461538461539 0.08774038461538461 0.125
5 0.49399038461538464 0.7644230769230769 0.1045673076923077 0.13341346153846154
5 0.5793269230769231 0.7560096153846154 0.08413461538461539 0.12980769230769232
5 0.6502403846153846 0.7415865384615384 0.08774038461538461 0.11658653846153846
5 0.7271634615384616 0.7295673076923077 0.08413461538461539 0.11177884615384616
2 0.1814903846153846 0.14903846153846154 0.09615384615384616 0.15504807692307693
8 0.28125 0.1502403846153846 0.1141826923076923 0.14903846153846154
2 0.390625 0.14903846153846154 0.1201923076923077 0.15384615384615385
13 0.49158653846153844 0.15625 0.10697115384615384 0.14543269230769232
19 0.5829326923076923 0.15745192307692307 0.10576923076923077 0.1346153846153846
19 0.6706730769230769 0.15865384615384615 0.10576923076923077 0.13221153846153846
29 0.7632211538461539 0.15985576923076922 0.10216346153846154 0.13341346153846154
13 0.8425480769230769 0.16346153846153846 0.10096153846153846 0.1310096153846154