36 0.22115384615384615 0.23677884615384615 0.08413461538461539 0.13942307692307693
3 0.23798076923076922 0.44350961538461536 0.08533653846153846 0.15384615384615385
3 0.31490384615384615 0.4423076923076923 0.0889423076923077 0.15384615384615385
20 0.38341346153846156 0.4362980769230769 0.07692307692307693 0.15384615384615385
20 0.44711538461538464 0.4338942307692308 0.06971153846153846 0.15865384615384615
9 0.5048076923076923 0.43509615384615385 0.07451923076923077 0.15264423076923078
6 0.5625 0.4338942307692308 0.06610576923076923 0.14903846153846154
25 0.6201923076923077 0.4338942307692308 0.06971153846153846 0.15264423076923078
25 0.6838942307692307 0.43149038461538464 0.0733173076923077 0.15384615384615385
28 0.2512019230769231 0.6370192307692307 0.06370192307692307 0.15985576923076922
32 0.3088942307692308 0.6298076923076923 0.06610576923076923 0.1622596153846154
32 0.36538461538461536 0.6286057692307693 0.07091346153846154 0.15384615384615385
5 0.4266826923076923 0.6262019230769231 0.07451923076923077 0.15264423076923078
5 0.49278846153846156 0.6237980769230769 0.06610576923076923 0.15144230769230768
5 0.5528846153846154 0.625 0.0733173076923077 0.15384615384615385
27 0.6165865384615384 0.6165865384615384 0.06971153846153846 0.15264423076923078
20 0.6766826923076923 0.6153846153846154 0.07091346153846154 0.14543269230769232
27 0.26802884615384615 0.8112980769230769 0.0733173076923077 0.13942307692307693
4 0.33052884615384615 0.8088942307692307 0.06971153846153846 0.125
4 0.39302884615384615 0.8052884615384616 0.07451923076923077 0.12379807692307693
4 0.453125 0.796875 0.06370192307692307 0.11899038461538461
4 0.5108173076923077 0.7944711538461539 0.06610576923076923 0.11658653846153846
28 0.5661057692307693 0.7896634615384616 0.05889423076923077 0.11778846153846154
28 0.6153846153846154 0.7836538461538461 0.05889423076923077 0.11899038461538461
27 0.6682692307692307 0.7788461538461539 0.0733173076923077 0.1201923076923077
29 0.28966346153846156 0.24519230769230768 0.08173076923076923 0.1201923076923077
29 0.3545673076923077 0.24278846153846154 0.08413461538461539 0.12740384615384615
29 0.4206730769230769 0.24519230769230768 0.07451923076923077 0.11778846153846154
29 0.49158653846153844 0.2439903846153846 0.078125 0.109375
11 0.5504807692307693 0.2439903846153846 0.078125 0.11538461538461539
8 0.6177884615384616 0.2439903846153846 0.078125 0.109375
10 0.6802884615384616 0.24158653846153846 0.08774038461538461 0.10817307692307693