20 0.3449519230769231 0.4423076923076923 0.07451923076923077 0.140625
28 0.40384615384615385 0.4411057692307692 0.06850961538461539 0.140625
28 0.45552884615384615 0.44350961538461536 0.06610576923076923 0.13822115384615385
30 0.5144230769230769 0.4423076923076923 0.06971153846153846 0.14543269230769232
32 0.5757211538461539 0.44591346153846156 0.07211538461538461 0.14302884615384615
32 0.6370192307692307 0.4387019230769231 0.07211538461538461 0.1466346153846154
33 0.18870192307692307 0.6322115384615384 0.07211538461538461 0.1141826923076923
33 0.24879807692307693 0.6358173076923077 0.06850961538461539 0.1045673076923077
33 0.30408653846153844 0.6358173076923077 0.07211538461538461 0.10697115384615384
17 0.3605769230769231 0.6346153846153846 0.06850961538461539 0.11057692307692307
15 0.4230769230769231 0.6286057692307693 0.07451923076923077 0.12620192307692307
36 0.4831730769230769 0.6358173076923077 0.06129807692307692 0.1141826923076923
36 0.5360576923076923 0.6418269230769231 0.06129807692307692 0.1045673076923077
36 0.5877403846153846 0.6442307692307693 0.06370192307692307 0.1045673076923077
36 0.6298076923076923 0.6262019230769231 0.04447115384615385 0.09134615384615384
33 0.23197115384615385 0.7740384615384616 0.08533653846153846 0.13942307692307693
33 0.30408653846153844 0.7752403846153846 0.08653846153846154 0.13942307692307693
6 0.36899038461538464 0.7800480769230769 0.06370192307692307 0.1045673076923077
5 0.4230769230769231 0.7944711538461539 0.06370192307692307 0.11899038461538461
5 0.4795673076923077 0.7980769230769231 0.07211538461538461 0.109375
5 0.5420673076923077 0.7908653846153846 0.06971153846153846 0.10216346153846154
5 0.5973557692307693 0.7980769230769231 0.07451923076923077 0.10576923076923077
21 0.13701923076923078 0.27163461538461536 0.08653846153846154 0.11057692307692307
21 0.203125 0.27283653846153844 0.09134615384615384 0.11177884615384616
19 0.27163461538461536 0.2704326923076923 0.08533653846153846 0.11057692307692307
19 0.3389423076923077 0.2704326923076923 0.09134615384615384 0.11177884615384616
2 0.4074519230769231 0.27283653846153844 0.08533653846153846 0.11298076923076923
31 0.46875 0.2692307692307692 0.0889423076923077 0.10697115384615384
29 0.5420673076923077 0.27403846153846156 0.08653846153846154 0.11177884615384616
11 0.6177884615384616 0.26802884615384615 0.08533653846153846 0.1201923076923077
34 0.16706730769230768 0.46033653846153844 0.06971153846153846 0.10216346153846154
34 0.22355769230769232 0.46274038461538464 0.07451923076923077 0.10697115384615384
34 0.2848557692307692 0.46274038461538464 0.07211538461538461 0.109375