30 0.15384615384615385 0.4266826923076923 0.07692307692307693 0.13221153846153846
33 0.2091346153846154 0.4362980769230769 0.07692307692307693 0.12139423076923077
20 0.2668269230769231 0.43028846153846156 0.07932692307692307 0.13581730769230768
20 0.3293269230769231 0.4338942307692308 0.08173076923076923 0.13701923076923078
33 0.39302884615384615 0.4375 0.08413461538461539 0.12860576923076922
17 0.45913461538461536 0.43990384615384615 0.07932692307692307 0.12740384615384615
36 0.5264423076923077 0.4519230769230769 0.08173076923076923 0.11658653846153846
17 0.5913461538461539 0.44591346153846156 0.07692307692307693 0.1310096153846154
14 0.1778846153846154 0.5829326923076923 0.06610576923076923 0.11899038461538461
14 0.23798076923076922 0.5889423076923077 0.06850961538461539 0.11538461538461539
20 0.296875 0.5913461538461539 0.07692307692307693 0.12740384615384615
20 0.3557692307692308 0.5901442307692307 0.07211538461538461 0.125
20 0.4110576923076923 0.5997596153846154 0.06971153846153846 0.125
27 0.47836538461538464 0.6057692307692307 0.08173076923076923 0.12620192307692307
27 0.5432692307692307 0.5997596153846154 0.08413461538461539 0.13942307692307693
27 0.6105769230769231 0.6105769230769231 0.06129807692307692 0.140625
19 0.13341346153846154 0.27884615384615385 0.08653846153846154 0.1045673076923077
19 0.1971153846153846 0.2764423076923077 0.07211538461538461 0.1045673076923077
13 0.25841346153846156 0.27884615384615385 0.08653846153846154 0.1045673076923077
19 0.32572115384615385 0.27884615384615385 0.0889423076923077 0.1045673076923077
31 0.390625 0.27884615384615385 0.07451923076923077 0.10576923076923077
13 0.4495192307692308 0.2800480769230769 0.07211538461538461 0.10576923076923077
19 0.515625 0.28125 0.09254807692307693 0.1045673076923077
13 0.5841346153846154 0.2776442307692308 0.08413461538461539 0.11177884615384616
13 0.6442307692307693 0.2776442307692308 0.054086538461538464 0.11899038461538461
30 0.1875 0.7163461538461539 0.06610576923076923 0.0889423076923077
11 0.23557692307692307 0.7235576923076923 0.06850961538461539 0.09495192307692307
19 0.28966346153846156 0.7271634615384616 0.06971153846153846 0.09375
19 0.3473557692307692 0.7331730769230769 0.06850961538461539 0.10096153846153846
19 0.40024038461538464 0.7379807692307693 0.07451923076923077 0.1045673076923077
19 0.4699519230769231 0.7427884615384616 0.07932692307692307 0.10096153846153846
19 0.5264423076923077 0.7512019230769231 0.08173076923076923 0.10336538461538461
19 0.5901442307692307 0.7620192307692307 0.07932692307692307 0.10336538461538461