14 0.2548076923076923 0.4855769230769231 0.0733173076923077 0.125
14 0.3161057692307692 0.484375 0.07091346153846154 0.125
20 0.37740384615384615 0.4831730769230769 0.0673076923076923 0.12379807692307693
20 0.4326923076923077 0.48197115384615385 0.0673076923076923 0.12860576923076922
3 0.49158653846153844 0.4855769230769231 0.06610576923076923 0.12740384615384615
9 0.5504807692307693 0.4891826923076923 0.0673076923076923 0.1310096153846154
9 0.6069711538461539 0.48197115384615385 0.07091346153846154 0.12620192307692307
25 0.6646634615384616 0.4855769230769231 0.06610576923076923 0.12379807692307693
25 0.7235576923076923 0.484375 0.0673076923076923 0.12980769230769232
27 0.7776442307692307 0.4831730769230769 0.07091346153846154 0.15264423076923078
15 0.27283653846153844 0.6490384615384616 0.07572115384615384 0.11778846153846154
15 0.3317307692307692 0.6574519230769231 0.06971153846153846 0.10697115384615384
17 0.3858173076923077 0.6478365384615384 0.0673076923076923 0.11778846153846154
17 0.4423076923076923 0.6502403846153846 0.06971153846153846 0.11538461538461539
17 0.49759615384615385 0.6466346153846154 0.06610576923076923 0.11658653846153846
35 0.5492788461538461 0.6586538461538461 0.06370192307692307 0.09375
28 0.5973557692307693 0.6502403846153846 0.06009615384615385 0.11177884615384616
30 0.6490384615384616 0.6466346153846154 0.06370192307692307 0.11778846153846154
30 0.6971153846153846 0.6454326923076923 0.06009615384615385 0.11778846153846154
30 0.7439903846153846 0.6454326923076923 0.057692307692307696 0.11899038461538461
20 0.29447115384615385 0.7908653846153846 0.06610576923076923 0.10697115384615384
20 0.3473557692307692 0.7908653846153846 0.06610576923076923 0.11057692307692307
20 0.4014423076923077 0.7908653846153846 0.06971153846153846 0.11177884615384616
15 0.4543269230769231 0.7872596153846154 0.0673076923076923 0.10697115384615384
15 0.5108173076923077 0.7896634615384616 0.0733173076923077 0.1141826923076923
15 0.5637019230769231 0.7848557692307693 0.06370192307692307 0.11298076923076923
27 0.6177884615384616 0.7836538461538461 0.06610576923076923 0.11538461538461539
27 0.6706730769230769 0.7848557692307693 0.0673076923076923 0.11057692307692307
27 0.7247596153846154 0.7836538461538461 0.06610576923076923 0.11177884615384616
5 0.29927884615384615 0.9170673076923077 0.07091346153846154 0.09975961538461539
5 0.34975961538461536 0.9146634615384616 0.0673076923076923 0.09495192307692307
5 0.40024038461538464 0.9134615384615384 0.0673076923076923 0.0985576923076923
5 0.4495192307692308 0.9134615384615384 0.06009615384615385 0.09735576923076923
5 0.4987980769230769 0.9122596153846154 0.06610576923076923 0.09375
5 0.5492788461538461 0.9098557692307693 0.0625 0.09495192307692307
5 0.5985576923076923 0.9086538461538461 0.0625 0.09254807692307693
5 0.6490384615384616 0.9050480769230769 0.057692307692307696 0.09375
5 0.7019230769230769 0.90625 0.06610576923076923 0.0985576923076923
19 0.23317307692307693 0.3269230769230769 0.07932692307692307 0.09735576923076923
19 0.2980769230769231 0.32572115384615385 0.0733173076923077 0.10096153846153846
2 0.35216346153846156 0.3245192307692308 0.0733173076923077 0.10336538461538461
10 0.4182692307692308 0.32572115384615385 0.07692307692307693 0.09975961538461539
11 0.4723557692307692 0.328125 0.0733173076923077 0.0985576923076923
11 0.5360576923076923 0.328125 0.07932692307692307 0.10096153846153846
13 0.5925480769230769 0.3293269230769231 0.07091346153846154 0.10096153846153846
31 0.6490384615384616 0.3317307692307692 0.07572115384615384 0.10096153846153846
31 0.7055288461538461 0.3293269230769231 0.07692307692307693 0.0985576923076923
29 0.7560096153846154 0.33052884615384615 0.0733173076923077 0.0985576923076923
29 0.7956730769230769 0.33413461538461536 0.0625 0.11177884615384616