20 0.06129807692307692 0.5612980769230769 0.07211538461538461 0.0985576923076923
20 0.11899038461538461 0.5588942307692307 0.0733173076923077 0.09735576923076923
20 0.171875 0.5528846153846154 0.06971153846153846 0.09375
33 0.2283653846153846 0.5600961538461539 0.06610576923076923 0.0889423076923077
33 0.2776442307692308 0.5540865384615384 0.06971153846153846 0.08173076923076923
33 0.328125 0.5504807692307693 0.06610576923076923 0.07572115384615384
33 0.37740384615384615 0.5444711538461539 0.0733173076923077 0.08173076923076923
33 0.421875 0.5480769230769231 0.06370192307692307 0.08052884615384616
33 0.4699519230769231 0.5420673076923077 0.06009615384615385 0.07932692307692307
33 0.5204326923076923 0.5396634615384616 0.06129807692307692 0.0733173076923077
33 0.5649038461538461 0.5372596153846154 0.06610576923076923 0.07211538461538461
33 0.6021634615384616 0.5360576923076923 0.055288461538461536 0.078125
15 0.6466346153846154 0.53125 0.057692307692307696 0.07572115384615384
15 0.6850961538461539 0.5276442307692307 0.055288461538461536 0.07091346153846154
15 0.7235576923076923 0.5264423076923077 0.051682692307692304 0.0733173076923077
25 0.0733173076923077 0.6766826923076923 0.0673076923076923 0.09014423076923077
25 0.1310096153846154 0.6730769230769231 0.07211538461538461 0.09014423076923077
25 0.18269230769230768 0.6682692307692307 0.06370192307692307 0.09134615384615384
25 0.23557692307692307 0.6622596153846154 0.06610576923076923 0.08413461538461539
25 0.28365384615384615 0.6574519230769231 0.06129807692307692 0.0829326923076923
25 0.3329326923076923 0.6550480769230769 0.06009615384615385 0.08052884615384616
20 0.38100961538461536 0.6502403846153846 0.057692307692307696 0.08653846153846154
20 0.42788461538461536 0.6454326923076923 0.057692307692307696 0.0829326923076923
20 0.4723557692307692 0.640625 0.051682692307692304 0.08173076923076923
27 0.5144230769230769 0.6370192307692307 0.06009615384615385 0.08052884615384616
27 0.5576923076923077 0.6322115384615384 0.06370192307692307 0.08052884615384616
27 0.6033653846153846 0.6310096153846154 0.06009615384615385 0.08173076923076923
27 0.6550480769230769 0.6262019230769231 0.0673076923076923 0.07932692307692307
27 0.6971153846153846 0.6225961538461539 0.055288461538461536 0.07932692307692307
30 0.15264423076923078 0.8293269230769231 0.057692307692307696 0.09014423076923077
30 0.20192307692307693 0.8233173076923077 0.057692307692307696 0.08533653846153846
30 0.25 0.8161057692307693 0.06129807692307692 0.08173076923076923
30 0.29447115384615385 0.8125 0.0673076923076923 0.0889423076923077
30 0.3401442307692308 0.8016826923076923 0.055288461538461536 0.0829326923076923
30 0.3858173076923077 0.7932692307692307 0.054086538461538464 0.07572115384615384
14 0.421875 0.7908653846153846 0.06971153846153846 0.08413461538461539
14 0.4675480769230769 0.7824519230769231 0.06370192307692307 0.07572115384615384
14 0.5132211538461539 0.7824519230769231 0.06129807692307692 0.08173076923076923
15 0.5612980769230769 0.78125 0.06129807692307692 0.0829326923076923
15 0.6081730769230769 0.7752403846153846 0.057692307692307696 0.07211538461538461
15 0.6454326923076923 0.7680288461538461 0.055288461538461536 0.0673076923076923
15 0.6838942307692307 0.7644230769230769 0.057692307692307696 0.07211538461538461
15 0.7283653846153846 0.7596153846153846 0.054086538461538464 0.0733173076923077
11 0.05048076923076923 0.42427884615384615 0.0733173076923077 0.08173076923076923
11 0.10576923076923077 0.4266826923076923 0.0673076923076923 0.07932692307692307
11 0.15985576923076922 0.421875 0.06610576923076923 0.07572115384615384
11 0.21153846153846154 0.421875 0.0673076923076923 0.07932692307692307
11 0.2644230769230769 0.421875 0.06971153846153846 0.0733173076923077
11 0.3112980769230769 0.41947115384615385 0.06971153846153846 0.07572115384615384
11 0.3581730769230769 0.4170673076923077 0.06370192307692307 0.0733173076923077
11 0.4050480769230769 0.41586538461538464 0.06129807692307692 0.07091346153846154
2 0.45072115384615385 0.41466346153846156 0.06129807692307692 0.07091346153846154
2 0.49399038461538464 0.41466346153846156 0.06370192307692307 0.07091346153846154
2 0.5384615384615384 0.41466346153846156 0.06129807692307692 0.07091346153846154
13 0.5841346153846154 0.41346153846153844 0.06370192307692307 0.07211538461538461
13 0.6286057692307693 0.4098557692307692 0.06129807692307692 0.07932692307692307
13 0.6622596153846154 0.40865384615384615 0.057692307692307696 0.07451923076923077