22 0.042067307692307696 0.10817307692307693 0.08413461538461539 0.203125
2 0.11177884615384616 0.10817307692307693 0.1141826923076923 0.1875
2 0.21514423076923078 0.109375 0.13221153846153846 0.18509615384615385
10 0.32091346153846156 0.10697115384615384 0.13701923076923078 0.19471153846153846
19 0.4326923076923077 0.10817307692307693 0.12620192307692307 0.18990384615384615
29 0.5396634615384616 0.11298076923076923 0.12620192307692307 0.18870192307692307
13 0.6454326923076923 0.10817307692307693 0.1346153846153846 0.19591346153846154
11 0.7596153846153846 0.11778846153846154 0.13701923076923078 0.19831730769230768
20 0.07211538461538461 0.4206730769230769 0.11298076923076923 0.24879807692307693
14 0.16947115384615385 0.41947115384615385 0.12620192307692307 0.24278846153846154
4 0.27283653846153844 0.4387019230769231 0.12860576923076922 0.21634615384615385
28 0.3641826923076923 0.4182692307692308 0.11057692307692307 0.2536057692307692
28 0.4519230769230769 0.4206730769230769 0.1045673076923077 0.2403846153846154
28 0.5360576923076923 0.4206730769230769 0.10817307692307693 0.2403846153846154
25 0.6286057692307693 0.4254807692307692 0.11298076923076923 0.23918269230769232
27 0.7283653846153846 0.4170673076923077 0.12620192307692307 0.2704326923076923
15 0.05048076923076923 0.7319711538461539 0.10096153846153846 0.21754807692307693
15 0.13221153846153846 0.7379807692307693 0.1201923076923077 0.21514423076923078
17 0.2608173076923077 0.7367788461538461 0.11658653846153846 0.21153846153846154
32 0.3713942307692308 0.7331730769230769 0.10096153846153846 0.2127403846153846
6 0.45913461538461536 0.7331730769230769 0.11057692307692307 0.2127403846153846
6 0.5504807692307693 0.734375 0.10817307692307693 0.20793269230769232
32 0.6370192307692307 0.7247596153846154 0.08413461538461539 0.21033653846153846
30 0.7127403846153846 0.7307692307692307 0.10096153846153846 0.20793269230769232
5 0.07211538461538461 0.9375 0.1045673076923077 0.11538461538461539
5 0.15865384615384615 0.9387019230769231 0.11298076923076923 0.1201923076923077
5 0.2403846153846154 0.9375 0.11057692307692307 0.12139423076923077
5 0.3317307692307692 0.9387019230769231 0.0985576923076923 0.11899038461538461
5 0.41586538461538464 0.9375 0.1045673076923077 0.12139423076923077
5 0.4987980769230769 0.9362980769230769 0.0985576923076923 0.125
5 0.5817307692307693 0.9350961538461539 0.10096153846153846 0.12139423076923077
5 0.6694711538461539 0.9350961538461539 0.11057692307692307 0.12740384615384615