8 0.5456730769230769 0.20793269230769232 0.06370192307692307 0.11177884615384616
25 0.5492788461538461 0.08052884615384616 0.06370192307692307 0.16105769230769232
25 0.6009615384615384 0.08173076923076923 0.06370192307692307 0.16346153846153846
25 0.6574519230769231 0.0829326923076923 0.0733173076923077 0.15865384615384615
25 0.7103365384615384 0.08533653846153846 0.0673076923076923 0.15865384615384615
25 0.7572115384615384 0.08653846153846154 0.055288461538461536 0.15144230769230768
25 0.8004807692307693 0.09615384615384616 0.06009615384615385 0.16105769230769232
25 0.8521634615384616 0.0985576923076923 0.06009615384615385 0.1622596153846154
27 0.18389423076923078 0.40024038461538464 0.07692307692307693 0.18990384615384615
27 0.25240384615384615 0.4014423076923077 0.078125 0.1875
27 0.3137019230769231 0.40384615384615385 0.07692307692307693 0.18509615384615385
20 0.375 0.40625 0.0625 0.17548076923076922
20 0.43509615384615385 0.4074519230769231 0.06971153846153846 0.16826923076923078
20 0.4951923076923077 0.4074519230769231 0.07091346153846154 0.1622596153846154
35 0.5456730769230769 0.421875 0.06370192307692307 0.13221153846153846
35 0.59375 0.4266826923076923 0.056490384615384616 0.1201923076923077
36 0.6418269230769231 0.4206730769230769 0.06009615384615385 0.125
36 0.6911057692307693 0.421875 0.055288461538461536 0.1201923076923077
3 0.7295673076923077 0.4050480769230769 0.06009615384615385 0.14783653846153846
3 0.7848557692307693 0.40625 0.0673076923076923 0.15144230769230768
15 0.8317307692307693 0.4170673076923077 0.055288461538461536 0.13701923076923078
15 0.8810096153846154 0.41346153846153844 0.056490384615384616 0.12980769230769232
27 0.18028846153846154 0.6358173076923077 0.07091346153846154 0.19230769230769232
27 0.24759615384615385 0.6322115384615384 0.078125 0.18990384615384615
27 0.31009615384615385 0.6298076923076923 0.078125 0.18509615384615385
27 0.37259615384615385 0.6298076923076923 0.0733173076923077 0.17668269230769232
27 0.4326923076923077 0.625 0.07451923076923077 0.17908653846153846
33 0.4891826923076923 0.6358173076923077 0.0673076923076923 0.14182692307692307
33 0.5444711538461539 0.6334134615384616 0.06370192307692307 0.13701923076923078
33 0.5973557692307693 0.6274038461538461 0.06610576923076923 0.14182692307692307
33 0.6478365384615384 0.6274038461538461 0.06009615384615385 0.13581730769230768
33 0.6947115384615384 0.6274038461538461 0.05889423076923077 0.13822115384615385
3 0.7415865384615384 0.6153846153846154 0.05889423076923077 0.15384615384615385
3 0.7932692307692307 0.6117788461538461 0.06370192307692307 0.14182692307692307
3 0.8377403846153846 0.609375 0.055288461538461536 0.14783653846153846
3 0.8870192307692307 0.6105769230769231 0.0625 0.13942307692307693
9 0.21033653846153846 0.8894230769230769 0.09615384615384616 0.21634615384615385
9 0.29927884615384615 0.8858173076923077 0.09975961538461539 0.21995192307692307
9 0.38822115384615385 0.8762019230769231 0.09615384615384616 0.23918269230769232
9 0.4723557692307692 0.8774038461538461 0.10817307692307693 0.24158653846153846
3 0.5576923076923077 0.8737980769230769 0.09375 0.24879807692307693
3 0.6358173076923077 0.8689903846153846 0.09254807692307693 0.2439903846153846
20 0.7139423076923077 0.8641826923076923 0.09254807692307693 0.25
36 0.7860576923076923 0.8173076923076923 0.06610576923076923 0.14783653846153846
36 0.8305288461538461 0.8149038461538461 0.06009615384615385 0.1310096153846154
36 0.8870192307692307 0.8125 0.06971153846153846 0.12740384615384615
36 0.9362980769230769 0.8052884615384616 0.056490384615384616 0.125
13 0.7872596153846154 0.9350961538461539 0.0625 0.11057692307692307
13 0.8329326923076923 0.9242788461538461 0.06009615384615385 0.10216346153846154
8 0.8798076923076923 0.9194711538461539 0.055288461538461536 0.10576923076923077
8 0.9266826923076923 0.9182692307692307 0.0625 0.1045673076923077
2 0.16105769230769232 0.0733173076923077 0.0733173076923077 0.13581730769230768
2 0.22115384615384615 0.07572115384615384 0.07451923076923077 0.13822115384615385
2 0.27884615384615385 0.08052884615384616 0.0673076923076923 0.13942307692307693
19 0.33413461538461536 0.08533653846153846 0.06610576923076923 0.13701923076923078
19 0.38822115384615385 0.09014423076923077 0.06009615384615385 0.13221153846153846
8 0.4411057692307692 0.09134615384615384 0.078125 0.13581730769230768
8 0.4951923076923077 0.09495192307692307 0.07091346153846154 0.13221153846153846
2 0.15985576923076922 0.1935096153846154 0.08173076923076923 0.12259615384615384
2 0.22115384615384615 0.19831730769230768 0.0733173076923077 0.12620192307692307
2 0.2800480769230769 0.19951923076923078 0.0733173076923077 0.125
8 0.33653846153846156 0.20192307692307693 0.07091346153846154 0.12379807692307693
8 0.3870192307692308 0.20793269230769232 0.06610576923076923 0.12259615384615384
13 0.4423076923076923 0.20673076923076922 0.0733173076923077 0.11899038461538461
13 0.49399038461538464 0.2091346153846154 0.05889423076923077 0.12620192307692307
8 0.5456730769230769 0.21033653846153846 0.0625 0.12259615384615384
8 0.59375 0.2127403846153846 0.06009615384615385 0.125
8 0.6382211538461539 0.21153846153846154 0.0625 0.12620192307692307
8 0.6899038461538461 0.21514423076923078 0.06370192307692307 0.1201923076923077
8 0.7367788461538461 0.21875 0.06370192307692307 0.12259615384615384
8 0.7848557692307693 0.21875 0.056490384615384616 0.11899038461538461
8 0.8269230769230769 0.22355769230769232 0.06370192307692307 0.11658653846153846
8 0.8677884615384616 0.22355769230769232 0.055288461538461536 0.10817307692307693