19 0.10576923076923077 0.09254807692307693 0.11057692307692307 0.16826923076923078
19 0.17908653846153846 0.09254807692307693 0.10336538461538461 0.17548076923076922
19 0.25240384615384615 0.09134615384615384 0.09735576923076923 0.15985576923076922
19 0.3245192307692308 0.09254807692307693 0.09975961538461539 0.1622596153846154
19 0.3942307692307692 0.09014423076923077 0.08653846153846154 0.16105769230769232
19 0.45913461538461536 0.09014423076923077 0.08774038461538461 0.15985576923076922
19 0.53125 0.08774038461538461 0.08774038461538461 0.16105769230769232
19 0.5973557692307693 0.08413461538461539 0.07932692307692307 0.15745192307692307
19 0.65625 0.08533653846153846 0.08413461538461539 0.140625
15 0.12620192307692307 0.5036057692307693 0.10216346153846154 0.18629807692307693
15 0.19951923076923078 0.5 0.0985576923076923 0.18028846153846154
15 0.28365384615384615 0.49399038461538464 0.09495192307692307 0.1814903846153846
15 0.3557692307692308 0.48677884615384615 0.09495192307692307 0.16826923076923078
15 0.42427884615384615 0.4795673076923077 0.09014423076923077 0.17427884615384615
15 0.49158653846153844 0.4723557692307692 0.08052884615384616 0.16947115384615385
15 0.5504807692307693 0.46634615384615385 0.08052884615384616 0.1658653846153846
25 0.6141826923076923 0.4543269230769231 0.08052884615384616 0.16826923076923078
25 0.6766826923076923 0.45072115384615385 0.08052884615384616 0.15865384615384615
25 0.7391826923076923 0.44711538461538464 0.08052884615384616 0.15985576923076922
25 0.17548076923076922 0.7175480769230769 0.08653846153846154 0.14423076923076922
25 0.24519230769230768 0.7079326923076923 0.08774038461538461 0.140625
30 0.5997596153846154 0.6646634615384616 0.0733173076923077 0.13942307692307693
30 0.6490384615384616 0.6550480769230769 0.06129807692307692 0.140625
30 0.6935096153846154 0.6442307692307693 0.06490384615384616 0.13221153846153846
20 0.27524038461538464 0.9423076923076923 0.10576923076923077 0.11177884615384616
9 0.3713942307692308 0.9375 0.09975961538461539 0.12259615384615384
9 0.4579326923076923 0.9290865384615384 0.09495192307692307 0.13942307692307693
9 0.5408653846153846 0.9230769230769231 0.09735576923076923 0.14182692307692307
12 0.6177884615384616 0.9170673076923077 0.09375 0.16466346153846154
12 0.6983173076923077 0.9086538461538461 0.09495192307692307 0.17668269230769232
25 0.3076923076923077 0.703125 0.08653846153846154 0.1466346153846154
13 0.09014423076923077 0.2692307692307692 0.1201923076923077 0.17668269230769232
13 0.17427884615384615 0.2644230769230769 0.1141826923076923 0.17067307692307693
13 0.25841346153846156 0.2608173076923077 0.1141826923076923 0.16947115384615385
10 0.3401442307692308 0.25600961538461536 0.10336538461538461 0.17548076923076922
10 0.4182692307692308 0.2548076923076923 0.09495192307692307 0.171875
10 0.49278846153846156 0.2548076923076923 0.09735576923076923 0.16105769230769232
10 0.5649038461538461 0.25240384615384615 0.09134615384615384 0.15745192307692307
10 0.6370192307692307 0.25 0.08413461538461539 0.14903846153846154
19 0.7115384615384616 0.24519230769230768 0.09014423076923077 0.15625
19 0.78125 0.2403846153846154 0.0829326923076923 0.15745192307692307
19 0.3713942307692308 0.7103365384615384 0.07211538461538461 0.11899038461538461
19 0.42908653846153844 0.703125 0.0733173076923077 0.109375
19 0.484375 0.6983173076923077 0.06610576923076923 0.11298076923076923
19 0.5396634615384616 0.6887019230769231 0.06850961538461539 0.10817307692307693