15 0.11778846153846154 0.45913461538461536 0.078125 0.24639423076923078
17 0.20793269230769232 0.4423076923076923 0.140625 0.24278846153846154
32 0.33413461538461536 0.4338942307692308 0.13221153846153846 0.22596153846153846
28 0.44471153846153844 0.42788461538461536 0.1201923076923077 0.21514423076923078
30 0.5336538461538461 0.4170673076923077 0.09735576923076923 0.21153846153846154
30 0.6237980769230769 0.4050480769230769 0.109375 0.21634615384615385
33 0.7151442307692307 0.40024038461538464 0.11177884615384616 0.21875
4 0.8197115384615384 0.390625 0.14783653846153846 0.1971153846153846
27 0.1622596153846154 0.7283653846153846 0.1141826923076923 0.20673076923076922
25 0.25721153846153844 0.7127403846153846 0.13221153846153846 0.18990384615384615
20 0.36778846153846156 0.6959134615384616 0.1310096153846154 0.1778846153846154
3 0.4651442307692308 0.6766826923076923 0.109375 0.17908653846153846
9 0.5600961538461539 0.6622596153846154 0.10817307692307693 0.17908653846153846
14 0.6598557692307693 0.6430288461538461 0.109375 0.16826923076923078
14 0.7283653846153846 0.6322115384615384 0.06490384615384616 0.17067307692307693
4 0.8004807692307693 0.6286057692307693 0.109375 0.14783653846153846
5 0.23076923076923078 0.9266826923076923 0.1310096153846154 0.12980769230769232
5 0.31850961538461536 0.9086538461538461 0.1045673076923077 0.12139423076923077
4 0.40625 0.8882211538461539 0.109375 0.11177884615384616
17 0.4987980769230769 0.8737980769230769 0.10096153846153846 0.109375
6 0.5853365384615384 0.8413461538461539 0.0985576923076923 0.09495192307692307
6 0.6694711538461539 0.8257211538461539 0.10096153846153846 0.09375
6 0.7512019230769231 0.8088942307692307 0.1045673076923077 0.10336538461538461
19 0.10096153846153846 0.15625 0.12860576923076922 0.20552884615384615
22 0.21514423076923078 0.15625 0.13581730769230768 0.20432692307692307
4 0.34134615384615385 0.15504807692307693 0.140625 0.19471153846153846
8 0.4699519230769231 0.15865384615384615 0.1310096153846154 0.1814903846153846
4 0.5925480769230769 0.15745192307692307 0.140625 0.1875
11 0.6850961538461539 0.15865384615384615 0.1141826923076923 0.16826923076923078
10 0.7824519230769231 0.15504807692307693 0.12860576923076922 0.17908653846153846
29 0.8930288461538461 0.15144230769230768 0.14783653846153846 0.15985576923076922