4 0.7548076923076923 0.9302884615384616 0.07451923076923077 0.08413461538461539
4 0.6838942307692307 0.9134615384615384 0.06490384615384616 0.08413461538461539
36 0.09495192307692307 0.46153846153846156 0.09975961538461539 0.14783653846153846
36 0.17067307692307693 0.4639423076923077 0.09975961538461539 0.14543269230769232
36 0.2439903846153846 0.4579326923076923 0.08653846153846154 0.14423076923076922
36 0.3233173076923077 0.4639423076923077 0.08774038461538461 0.14302884615384615
33 0.3954326923076923 0.4483173076923077 0.09615384615384616 0.18269230769230768
33 0.4795673076923077 0.44471153846153844 0.09014423076923077 0.18269230769230768
33 0.5637019230769231 0.44711538461538464 0.08173076923076923 0.17908653846153846
6 0.6959134615384616 0.4423076923076923 0.08653846153846154 0.18389423076923078
6 0.7668269230769231 0.43509615384615385 0.07451923076923077 0.1778846153846154
6 0.84375 0.42908653846153844 0.0829326923076923 0.17668269230769232
17 0.12740384615384615 0.6105769230769231 0.09615384615384616 0.14302884615384615
17 0.20432692307692307 0.6201923076923077 0.09975961538461539 0.15625
17 0.28125 0.6105769230769231 0.09254807692307693 0.14302884615384615
28 0.35096153846153844 0.6165865384615384 0.07091346153846154 0.13581730769230768
28 0.41466346153846156 0.6105769230769231 0.078125 0.14182692307692307
28 0.4855769230769231 0.6153846153846154 0.06370192307692307 0.1466346153846154
28 0.5456730769230769 0.609375 0.055288461538461536 0.1310096153846154
32 0.6165865384615384 0.6069711538461539 0.06370192307692307 0.1310096153846154
32 0.6754807692307693 0.6153846153846154 0.06009615384615385 0.15384615384615385
25 0.7403846153846154 0.609375 0.06009615384615385 0.1310096153846154
25 0.8125 0.6057692307692307 0.0829326923076923 0.1346153846153846
27 0.18028846153846154 0.7512019230769231 0.09495192307692307 0.109375
5 0.7115384615384616 0.7475961538461539 0.08774038461538461 0.09014423076923077
15 0.6310096153846154 0.7572115384615384 0.07932692307692307 0.10216346153846154
15 0.5685096153846154 0.7584134615384616 0.07692307692307693 0.11778846153846154
15 0.4987980769230769 0.7572115384615384 0.07451923076923077 0.1201923076923077
15 0.375 0.7584134615384616 0.07451923076923077 0.109375
25 0.4362980769230769 0.7512019230769231 0.08774038461538461 0.11899038461538461
21 0.055288461538461536 0.21153846153846154 0.109375 0.14903846153846154
19 0.13942307692307693 0.203125 0.109375 0.14423076923076922
19 0.20552884615384615 0.20673076923076922 0.08413461538461539 0.14302884615384615
19 0.27524038461538464 0.20552884615384615 0.09975961538461539 0.1502403846153846
19 0.3641826923076923 0.20432692307692307 0.10576923076923077 0.1502403846153846
2 0.4483173076923077 0.2091346153846154 0.09254807692307693 0.140625
2 0.5348557692307693 0.21033653846153846 0.10576923076923077 0.14783653846153846
10 0.6201923076923077 0.2127403846153846 0.10336538461538461 0.14543269230769232
10 0.7055288461538461 0.21153846153846154 0.10336538461538461 0.14182692307692307
11 0.7884615384615384 0.21153846153846154 0.10817307692307693 0.13701923076923078
11 0.890625 0.2127403846153846 0.109375 0.14543269230769232