30 0.22716346153846154 0.4338942307692308 0.057692307692307696 0.15504807692307693
30 0.27524038461538464 0.43990384615384615 0.057692307692307696 0.1466346153846154
36 0.3245192307692308 0.4567307692307692 0.06370192307692307 0.11057692307692307
6 0.375 0.4411057692307692 0.06850961538461539 0.13942307692307693
6 0.42788461538461536 0.4375 0.06129807692307692 0.14182692307692307
6 0.48197115384615385 0.4338942307692308 0.06971153846153846 0.13581730769230768
6 0.5360576923076923 0.4326923076923077 0.07091346153846154 0.13221153846153846
6 0.5877403846153846 0.4338942307692308 0.06129807692307692 0.14182692307692307
30 0.22355769230769232 0.6394230769230769 0.06850961538461539 0.16466346153846154
6 0.2800480769230769 0.6454326923076923 0.06850961538461539 0.15865384615384615
28 0.33413461538461536 0.6442307692307693 0.06370192307692307 0.15384615384615385
30 0.3858173076923077 0.6382211538461539 0.06610576923076923 0.15384615384615385
25 0.4362980769230769 0.6418269230769231 0.06850961538461539 0.16105769230769232
27 0.48677884615384615 0.6346153846153846 0.06971153846153846 0.17307692307692307
27 0.5480769230769231 0.6346153846153846 0.0733173076923077 0.17307692307692307
25 0.6033653846153846 0.6418269230769231 0.06129807692307692 0.15144230769230768
34 0.23557692307692307 0.2620192307692308 0.057692307692307696 0.09735576923076923
34 0.2860576923076923 0.265625 0.06009615384615385 0.09615384615384616
34 0.33413461538461536 0.2620192307692308 0.06129807692307692 0.09134615384615384
4 0.3858173076923077 0.25961538461538464 0.06009615384615385 0.08774038461538461
4 0.4338942307692308 0.25961538461538464 0.057692307692307696 0.09014423076923077
4 0.4855769230769231 0.25841346153846156 0.06370192307692307 0.09134615384615384
11 0.5336538461538461 0.2620192307692308 0.055288461538461536 0.08173076923076923
11 0.5877403846153846 0.25721153846153844 0.057692307692307696 0.0829326923076923
2 0.24278846153846154 0.9050480769230769 0.06129807692307692 0.11177884615384616
2 0.28966346153846156 0.9002403846153846 0.06129807692307692 0.11177884615384616
4 0.3401442307692308 0.8954326923076923 0.06971153846153846 0.12379807692307693
21 0.39903846153846156 0.8954326923076923 0.06971153846153846 0.125
2 0.44711538461538464 0.8966346153846154 0.06490384615384616 0.1141826923076923
2 0.4987980769230769 0.8966346153846154 0.06129807692307692 0.10697115384615384
2 0.5444711538461539 0.8978365384615384 0.06610576923076923 0.109375
2 0.6021634615384616 0.8918269230769231 0.07451923076923077 0.12620192307692307