25 0.14423076923076922 0.6875 0.09615384615384616 0.13942307692307693
25 0.2283653846153846 0.6862980769230769 0.09615384615384616 0.13701923076923078
25 0.30528846153846156 0.6838942307692307 0.09615384615384616 0.1346153846153846
25 0.38461538461538464 0.6826923076923077 0.09254807692307693 0.13581730769230768
25 0.4651442307692308 0.6850961538461539 0.09134615384615384 0.13701923076923078
25 0.5408653846153846 0.6838942307692307 0.0889423076923077 0.14543269230769232
17 0.6129807692307693 0.6838942307692307 0.08774038461538461 0.13221153846153846
5 0.14423076923076922 0.8846153846153846 0.09134615384615384 0.1201923076923077
5 0.23317307692307693 0.8786057692307693 0.10216346153846154 0.11658653846153846
5 0.31971153846153844 0.8774038461538461 0.0889423076923077 0.12740384615384615
5 0.40024038461538464 0.8810096153846154 0.09975961538461539 0.11899038461538461
5 0.4831730769230769 0.8774038461538461 0.09134615384615384 0.1201923076923077
5 0.5685096153846154 0.8581730769230769 0.10096153846153846 0.15144230769230768
5 0.6574519230769231 0.8581730769230769 0.1045673076923077 0.15985576923076922
4 0.6790865384615384 0.6983173076923077 0.07451923076923077 0.09495192307692307
19 0.12139423076923077 0.38461538461538464 0.08413461538461539 0.0985576923076923
19 0.203125 0.3798076923076923 0.10096153846153846 0.09975961538461539
2 0.2824519230769231 0.38341346153846156 0.08413461538461539 0.10096153846153846
2 0.3557692307692308 0.38221153846153844 0.09134615384615384 0.09495192307692307
29 0.42908653846153844 0.38221153846153844 0.09375 0.09735576923076923
29 0.5096153846153846 0.38100961538461536 0.09615384615384616 0.09495192307692307
33 0.5829326923076923 0.38341346153846156 0.0889423076923077 0.09495192307692307
33 0.6610576923076923 0.38341346153846156 0.09254807692307693 0.10216346153846154
10 0.12980769230769232 0.5384615384615384 0.09375 0.0985576923076923
10 0.21033653846153846 0.5336538461538461 0.09254807692307693 0.10096153846153846
10 0.2860576923076923 0.5324519230769231 0.09375 0.10216346153846154
10 0.37259615384615385 0.5348557692307693 0.09615384615384616 0.0985576923076923
33 0.44711538461538464 0.5360576923076923 0.09134615384615384 0.09735576923076923
33 0.5264423076923077 0.5348557692307693 0.09134615384615384 0.10216346153846154
33 0.5949519230769231 0.5324519230769231 0.08774038461538461 0.09615384615384616
33 0.6670673076923077 0.5336538461538461 0.09615384615384616 0.10576923076923077