19 0.06009615384615385 0.1971153846153846 0.1141826923076923 0.16466346153846154
19 0.140625 0.19471153846153846 0.10697115384615384 0.16466346153846154
29 0.23197115384615385 0.19230769230769232 0.11298076923076923 0.1658653846153846
29 0.3137019230769231 0.19230769230769232 0.09975961538461539 0.1622596153846154
31 0.3954326923076923 0.20192307692307693 0.09495192307692307 0.16105769230769232
31 0.47836538461538464 0.19831730769230768 0.09495192307692307 0.15745192307692307
2 0.5673076923076923 0.19951923076923078 0.09615384615384616 0.1622596153846154
2 0.65625 0.19471153846153846 0.09735576923076923 0.17307692307692307
11 0.7415865384615384 0.19230769230769232 0.09735576923076923 0.1778846153846154
34 0.8245192307692307 0.19230769230769232 0.12379807692307693 0.1658653846153846
34 0.9134615384615384 0.1971153846153846 0.12259615384615384 0.17908653846153846
30 0.10817307692307693 0.4074519230769231 0.09495192307692307 0.19471153846153846
30 0.1814903846153846 0.41225961538461536 0.09615384615384616 0.1875
32 0.2548076923076923 0.4110576923076923 0.09014423076923077 0.20072115384615385
32 0.33052884615384615 0.40865384615384615 0.08413461538461539 0.19951923076923078
4 0.4050480769230769 0.4182692307692308 0.09975961538461539 0.1971153846153846
4 0.4879807692307692 0.41586538461538464 0.09615384615384616 0.1875
20 0.5733173076923077 0.41225961538461536 0.08653846153846154 0.19951923076923078
20 0.6538461538461539 0.41346153846153844 0.0985576923076923 0.19951923076923078
3 0.7319711538461539 0.4182692307692308 0.09615384615384616 0.19591346153846154
3 0.8197115384615384 0.4206730769230769 0.09975961538461539 0.20552884615384615
27 0.20673076923076922 0.6057692307692307 0.09735576923076923 0.13822115384615385
27 0.27884615384615385 0.6069711538461539 0.09375 0.140625
27 0.35336538461538464 0.6057692307692307 0.09014423076923077 0.13822115384615385
27 0.42427884615384615 0.6081730769230769 0.08413461538461539 0.13942307692307693
25 0.4951923076923077 0.609375 0.07932692307692307 0.13822115384615385
25 0.5637019230769231 0.6129807692307693 0.07572115384615384 0.1466346153846154
25 0.6298076923076923 0.6129807692307693 0.07932692307692307 0.13942307692307693
5 0.703125 0.6141826923076923 0.09254807692307693 0.1346153846153846
5 0.7800480769230769 0.6129807692307693 0.09975961538461539 0.13581730769230768
25 0.20673076923076922 0.7427884615384616 0.0829326923076923 0.10096153846153846
25 0.27163461538461536 0.7463942307692307 0.078125 0.09615384615384616
33 0.45913461538461536 0.7524038461538461 0.06971153846153846 0.09975961538461539
33 0.5192307692307693 0.7548076923076923 0.06850961538461539 0.10817307692307693
33 0.5769230769230769 0.7596153846153846 0.06850961538461539 0.10096153846153846
15 0.6358173076923077 0.7596153846153846 0.0625 0.10817307692307693
15 0.6995192307692307 0.7620192307692307 0.06490384615384616 0.0985576923076923
15 0.7560096153846154 0.7620192307692307 0.078125 0.109375
3 0.27884615384615385 0.8822115384615384 0.06009615384615385 0.11298076923076923
3 0.3269230769230769 0.8786057692307693 0.05889423076923077 0.09975961538461539
3 0.3798076923076923 0.8798076923076923 0.056490384615384616 0.09975961538461539
3 0.42908653846153844 0.8834134615384616 0.05889423076923077 0.11177884615384616
3 0.47596153846153844 0.8846153846153846 0.0625 0.1045673076923077
3 0.5252403846153846 0.8882211538461539 0.05889423076923077 0.109375
3 0.5697115384615384 0.8882211538461539 0.052884615384615384 0.11177884615384616
3 0.6153846153846154 0.8966346153846154 0.06129807692307692 0.1201923076923077
14 0.6682692307692307 0.8990384615384616 0.06009615384615385 0.11177884615384616
14 0.7211538461538461 0.8990384615384616 0.06129807692307692 0.10817307692307693
4 0.3389423076923077 0.7512019230769231 0.06490384615384616 0.10576923076923077
4 0.39663461538461536 0.7524038461538461 0.06490384615384616 0.109375