20 0.19230769230769232 0.2548076923076923 0.13942307692307693 0.3449519230769231
20 0.2920673076923077 0.25721153846153844 0.13581730769230768 0.3449519230769231
33 0.40024038461538464 0.24158653846153846 0.12379807692307693 0.30288461538461536
5 0.5060096153846154 0.23557692307692307 0.12259615384615384 0.31490384615384615
3 0.6045673076923077 0.23557692307692307 0.10817307692307693 0.3016826923076923
30 0.6947115384615384 0.24158653846153846 0.09615384615384616 0.30649038461538464
15 0.7668269230769231 0.23798076923076922 0.10216346153846154 0.2920673076923077
17 0.8557692307692307 0.2403846153846154 0.12620192307692307 0.2980769230769231
33 0.21033653846153846 0.6033653846153846 0.12740384615384615 0.30528846153846156
27 0.3161057692307692 0.5949519230769231 0.12379807692307693 0.2920673076923077
25 0.4098557692307692 0.5925480769230769 0.10697115384615384 0.28725961538461536
25 0.5036057692307693 0.5853365384615384 0.11057692307692307 0.2776442307692308
17 0.5925480769230769 0.5877403846153846 0.10216346153846154 0.27163461538461536
30 0.671875 0.5733173076923077 0.09254807692307693 0.27403846153846156
30 0.75 0.5637019230769231 0.09254807692307693 0.28125
14 0.8245192307692307 0.5625 0.10336538461538461 0.27163461538461536
27 0.22956730769230768 0.8858173076923077 0.09975961538461539 0.21153846153846154
5 0.3161057692307692 0.8834134615384616 0.11057692307692307 0.2247596153846154
14 0.4098557692307692 0.8858173076923077 0.09134615384615384 0.2247596153846154
5 0.49759615384615385 0.8653846153846154 0.10216346153846154 0.22355769230769232
27 0.5841346153846154 0.8629807692307693 0.09134615384615384 0.22355769230769232
30 0.6574519230769231 0.8533653846153846 0.07572115384615384 0.20673076923076922
30 0.7271634615384616 0.8413461538461539 0.09254807692307693 0.20673076923076922
30 0.8052884615384616 0.8341346153846154 0.0829326923076923 0.20072115384615385