14 0.10336538461538461 0.3894230769230769 0.14543269230769232 0.13341346153846154
14 0.21875 0.3918269230769231 0.13701923076923078 0.12860576923076922
20 0.3245192307692308 0.3942307692307692 0.14182692307692307 0.12860576923076922
3 0.4423076923076923 0.3918269230769231 0.13701923076923078 0.12259615384615384
33 0.5516826923076923 0.4050480769230769 0.14182692307692307 0.11057692307692307
17 0.6670673076923077 0.40384615384615385 0.13341346153846154 0.10817307692307693
15 0.7752403846153846 0.4014423076923077 0.14182692307692307 0.10336538461538461
15 0.8822115384615384 0.40625 0.14182692307692307 0.10336538461538461
33 0.10697115384615384 0.5612980769230769 0.13701923076923078 0.11057692307692307
33 0.22115384615384615 0.5576923076923077 0.13341346153846154 0.10216346153846154
33 0.33653846153846156 0.5588942307692307 0.14182692307692307 0.10576923076923077
33 0.44471153846153844 0.5552884615384616 0.13341346153846154 0.10817307692307693
33 0.5540865384615384 0.5552884615384616 0.13701923076923078 0.10336538461538461
15 0.6634615384615384 0.5516826923076923 0.13341346153846154 0.10817307692307693
15 0.7680288461538461 0.5516826923076923 0.13701923076923078 0.10697115384615384
15 0.875 0.5552884615384616 0.13701923076923078 0.1141826923076923
32 0.1141826923076923 0.7055288461538461 0.13341346153846154 0.12740384615384615
32 0.22115384615384615 0.7055288461538461 0.13341346153846154 0.11899038461538461
32 0.3245192307692308 0.703125 0.14182692307692307 0.12259615384615384
32 0.4266826923076923 0.7007211538461539 0.13341346153846154 0.125
32 0.5252403846153846 0.6983173076923077 0.125 0.1201923076923077
30 0.6310096153846154 0.6935096153846154 0.12860576923076922 0.12259615384615384
30 0.7295673076923077 0.6911057692307693 0.1201923076923077 0.1201923076923077
30 0.8329326923076923 0.6923076923076923 0.12860576923076922 0.11658653846153846
21 0.08413461538461539 0.2439903846153846 0.13341346153846154 0.09134615384615384
21 0.20552884615384615 0.24759615384615385 0.14543269230769232 0.08533653846153846
34 0.328125 0.24879807692307693 0.1502403846153846 0.0889423076923077
34 0.44591346153846156 0.2512019230769231 0.15504807692307693 0.09375
34 0.5600961538461539 0.2548076923076923 0.14182692307692307 0.09134615384615384
34 0.6754807692307693 0.25240384615384615 0.13341346153846154 0.09375
19 0.7788461538461539 0.2620192307692308 0.1502403846153846 0.07692307692307693
11 0.8822115384615384 0.2608173076923077 0.13341346153846154 0.08052884615384616