11 0.24278846153846154 0.921875 0.07932692307692307 0.11057692307692307
11 0.30408653846153844 0.9230769230769231 0.08413461538461539 0.11298076923076923
11 0.3713942307692308 0.921875 0.08052884615384616 0.11899038461538461
35 0.24639423076923078 0.7475961538461539 0.0829326923076923 0.13581730769230768
35 0.3137019230769231 0.7451923076923077 0.08653846153846154 0.13701923076923078
36 0.38341346153846156 0.7463942307692307 0.0829326923076923 0.13341346153846154
35 0.45072115384615385 0.7451923076923077 0.07932692307692307 0.12740384615384615
35 0.5180288461538461 0.7427884615384616 0.07572115384615384 0.1310096153846154
35 0.5841346153846154 0.7439903846153846 0.07451923076923077 0.13581730769230768
35 0.6466346153846154 0.7403846153846154 0.07211538461538461 0.13221153846153846
36 0.7127403846153846 0.7391826923076923 0.07932692307692307 0.1310096153846154
35 0.4326923076923077 0.9170673076923077 0.07091346153846154 0.12139423076923077
35 0.4987980769230769 0.9158653846153846 0.07451923076923077 0.11538461538461539
35 0.5588942307692307 0.9122596153846154 0.07451923076923077 0.12139423076923077
35 0.6298076923076923 0.9158653846153846 0.07932692307692307 0.11538461538461539
35 0.6935096153846154 0.9194711538461539 0.07211538461538461 0.1141826923076923
19 0.16947115384615385 0.28846153846153844 0.10817307692307693 0.14302884615384615
19 0.2644230769230769 0.28846153846153844 0.1045673076923077 0.140625
19 0.34375 0.29086538461538464 0.10817307692307693 0.13581730769230768
11 0.42427884615384615 0.2920673076923077 0.0985576923076923 0.14182692307692307
11 0.5072115384615384 0.29447115384615385 0.0985576923076923 0.14182692307692307
10 0.5889423076923077 0.29086538461538464 0.09975961538461539 0.14182692307692307
29 0.6658653846153846 0.2932692307692308 0.09615384615384616 0.140625
29 0.7487980769230769 0.29447115384615385 0.09615384615384616 0.13701923076923078
31 0.20192307692307693 0.5372596153846154 0.0889423076923077 0.13341346153846154
10 0.27163461538461536 0.5432692307692307 0.09254807692307693 0.12740384615384615
10 0.359375 0.5384615384615384 0.0889423076923077 0.12620192307692307
11 0.4411057692307692 0.5408653846153846 0.08413461538461539 0.12259615384615384
33 0.5204326923076923 0.5420673076923077 0.08052884615384616 0.12620192307692307
33 0.5949519230769231 0.5432692307692307 0.08653846153846154 0.12620192307692307
26 0.6694711538461539 0.5396634615384616 0.0829326923076923 0.12980769230769232
29 0.7403846153846154 0.5432692307692307 0.07932692307692307 0.1310096153846154