33 0.4110576923076923 0.18629807692307693 0.0733173076923077 0.12139423076923077
33 0.47596153846153844 0.18870192307692307 0.07091346153846154 0.11778846153846154
33 0.5420673076923077 0.1875 0.078125 0.11899038461538461
33 0.6033653846153846 0.19110576923076922 0.07091346153846154 0.12139423076923077
33 0.6646634615384616 0.203125 0.07451923076923077 0.12740384615384615
30 0.10096153846153846 0.3161057692307692 0.078125 0.11899038461538461
30 0.16466346153846154 0.31850961538461536 0.07451923076923077 0.1141826923076923
30 0.22956730769230768 0.31850961538461536 0.0673076923076923 0.11658653846153846
30 0.28846153846153844 0.32211538461538464 0.06971153846153846 0.11658653846153846
28 0.34615384615384615 0.32091346153846156 0.06009615384615385 0.11778846153846154
32 0.40024038461538464 0.3245192307692308 0.0673076923076923 0.11057692307692307
32 0.4579326923076923 0.3233173076923077 0.07091346153846154 0.11177884615384616
32 0.5108173076923077 0.32572115384615385 0.06610576923076923 0.11177884615384616
32 0.5661057692307693 0.3233173076923077 0.06370192307692307 0.109375
32 0.6201923076923077 0.3269230769230769 0.0625 0.11057692307692307
32 0.671875 0.3317307692307692 0.06009615384615385 0.11899038461538461
33 0.09975961538461539 0.46875 0.07692307692307693 0.11298076923076923
33 0.16947115384615385 0.4675480769230769 0.07692307692307693 0.11658653846153846
33 0.23557692307692307 0.46634615384615385 0.08052884615384616 0.1141826923076923
33 0.29927884615384615 0.4651442307692308 0.0733173076923077 0.12139423076923077
33 0.36538461538461536 0.4675480769230769 0.0733173076923077 0.11177884615384616
33 0.4206730769230769 0.4675480769230769 0.0673076923076923 0.109375
33 0.48677884615384615 0.4639423076923077 0.07091346153846154 0.11177884615384616
15 0.5420673076923077 0.46875 0.056490384615384616 0.10216346153846154
5 0.59375 0.45913461538461536 0.0733173076923077 0.12139423076923077
5 0.6478365384615384 0.4675480769230769 0.07451923076923077 0.12980769230769232
20 0.12379807692307693 0.6334134615384616 0.09975961538461539 0.18028846153846154
20 0.21634615384615385 0.6322115384615384 0.09375 0.16947115384615385
3 0.30288461538461536 0.6286057692307693 0.10096153846153846 0.171875
3 0.38822115384615385 0.6274038461538461 0.09014423076923077 0.17427884615384615
9 0.47115384615384615 0.6237980769230769 0.09975961538461539 0.17908653846153846
9 0.5540865384615384 0.6225961538461539 0.0889423076923077 0.17668269230769232
5 0.6237980769230769 0.6189903846153846 0.078125 0.17668269230769232
22 0.10697115384615384 0.19471153846153846 0.07692307692307693 0.09134615384615384
22 0.1658653846153846 0.19591346153846154 0.06971153846153846 0.08413461538461539
22 0.2283653846153846 0.1971153846153846 0.08052884615384616 0.08413461538461539
22 0.28966346153846156 0.20192307692307693 0.07451923076923077 0.09014423076923077
22 0.35096153846153844 0.20192307692307693 0.06971153846153846 0.08774038461538461