25 0.11177884615384616 0.6177884615384616 0.13221153846153846 0.20673076923076922
25 0.22956730769230768 0.6189903846153846 0.10697115384615384 0.21514423076923078
25 0.3401442307692308 0.6177884615384616 0.1201923076923077 0.20192307692307693
15 0.45072115384615385 0.6262019230769231 0.1045673076923077 0.19471153846153846
15 0.5528846153846154 0.6237980769230769 0.11057692307692307 0.20192307692307693
15 0.6598557692307693 0.6237980769230769 0.10216346153846154 0.20192307692307693
32 0.7620192307692307 0.6141826923076923 0.10336538461538461 0.2091346153846154
32 0.8665865384615384 0.6117788461538461 0.10817307692307693 0.21394230769230768
27 0.1622596153846154 0.84375 0.12860576923076922 0.20432692307692307
27 0.2800480769230769 0.84375 0.11899038461538461 0.20673076923076922
27 0.3942307692307692 0.8389423076923077 0.11298076923076923 0.20192307692307693
5 0.5036057692307693 0.8401442307692307 0.1045673076923077 0.19951923076923078
5 0.6105769230769231 0.8401442307692307 0.11298076923076923 0.19591346153846154
5 0.7199519230769231 0.8425480769230769 0.11057692307692307 0.19591346153846154
5 0.8377403846153846 0.8401442307692307 0.11658653846153846 0.19831730769230768
19 0.057692307692307696 0.15144230769230768 0.11538461538461539 0.1971153846153846
19 0.16105769230769232 0.15264423076923078 0.1622596153846154 0.18870192307692307
19 0.2776442307692308 0.1502403846153846 0.14182692307692307 0.1971153846153846
19 0.3954326923076923 0.15144230769230768 0.140625 0.1935096153846154
2 0.515625 0.15264423076923078 0.13942307692307693 0.19110576923076922
2 0.6454326923076923 0.14783653846153846 0.14423076923076922 0.19471153846153846
2 0.765625 0.14543269230769232 0.14543269230769232 0.19471153846153846
2 0.8870192307692307 0.1466346153846154 0.15264423076923078 0.1971153846153846
34 0.07932692307692307 0.4014423076923077 0.13942307692307693 0.17307692307692307
34 0.19230769230769232 0.4014423076923077 0.13701923076923078 0.17067307692307693
34 0.3112980769230769 0.39783653846153844 0.140625 0.17067307692307693
34 0.41466346153846156 0.39903846153846156 0.13341346153846154 0.17427884615384615
29 0.5240384615384616 0.3954326923076923 0.13221153846153846 0.16706730769230768
29 0.6394230769230769 0.3954326923076923 0.13341346153846154 0.16466346153846154
29 0.7548076923076923 0.390625 0.13942307692307693 0.17067307692307693
29 0.8701923076923077 0.3942307692307692 0.1310096153846154 0.16826923076923078