19 0.20072115384615385 0.3245192307692308 0.0733173076923077 0.10336538461538461
19 0.27524038461538464 0.3233173076923077 0.07451923076923077 0.10817307692307693
19 0.3449519230769231 0.32091346153846156 0.06971153846153846 0.10216346153846154
19 0.41225961538461536 0.31971153846153844 0.0733173076923077 0.10096153846153846
15 0.5300480769230769 0.30649038461538464 0.078125 0.12620192307692307
15 0.609375 0.30649038461538464 0.06971153846153846 0.13221153846153846
15 0.6766826923076923 0.30528846153846156 0.06610576923076923 0.125
28 0.7463942307692307 0.29447115384615385 0.06490384615384616 0.14302884615384615
14 0.23076923076923078 0.4963942307692308 0.078125 0.13701923076923078
14 0.3701923076923077 0.5 0.06850961538461539 0.12980769230769232
14 0.43990384615384615 0.5012019230769231 0.06971153846153846 0.12740384615384615
20 0.30288461538461536 0.5 0.07211538461538461 0.1346153846153846
25 0.5108173076923077 0.5 0.07211538461538461 0.13221153846153846
27 0.5793269230769231 0.49278846153846156 0.07692307692307693 0.1466346153846154
27 0.6514423076923077 0.4951923076923077 0.07211538461538461 0.14783653846153846
6 0.7163461538461539 0.49759615384615385 0.07692307692307693 0.13701923076923078
33 0.24278846153846154 0.6778846153846154 0.078125 0.12740384615384615
15 0.3137019230769231 0.6694711538461539 0.06490384615384616 0.12259615384615384
30 0.3762019230769231 0.6742788461538461 0.055288461538461536 0.12740384615384615
30 0.43509615384615385 0.6682692307692307 0.06009615384615385 0.12620192307692307
30 0.4951923076923077 0.6670673076923077 0.06009615384615385 0.12860576923076922
30 0.5540865384615384 0.6670673076923077 0.06370192307692307 0.12620192307692307
28 0.6081730769230769 0.6634615384615384 0.051682692307692304 0.125
28 0.6646634615384616 0.6658653846153846 0.054086538461538464 0.11899038461538461
15 0.71875 0.6682692307692307 0.05889423076923077 0.11177884615384616