25 0.16706730769230768 0.32211538461538464 0.08413461538461539 0.1875
25 0.25240384615384615 0.31971153846153844 0.078125 0.1935096153846154
33 0.3329326923076923 0.3329326923076923 0.07692307692307693 0.17668269230769232
33 0.4110576923076923 0.33413461538461536 0.07451923076923077 0.16947115384615385
33 0.3701923076923077 0.7596153846153846 0.06490384615384616 0.1310096153846154
20 0.49399038461538464 0.31971153846153844 0.07451923076923077 0.19951923076923078
14 0.5817307692307693 0.3161057692307692 0.06971153846153846 0.20072115384615385
14 0.6646634615384616 0.31490384615384615 0.07451923076923077 0.19591346153846154
14 0.7403846153846154 0.3137019230769231 0.06370192307692307 0.20192307692307693
6 0.21514423076923078 0.546875 0.08653846153846154 0.17067307692307693
25 0.2932692307692308 0.5456730769230769 0.07692307692307693 0.1658653846153846
5 0.6442307692307693 0.5384615384615384 0.06971153846153846 0.17548076923076922
9 0.7175480769230769 0.5396634615384616 0.06490384615384616 0.16826923076923078
2 0.25 0.7668269230769231 0.06129807692307692 0.10817307692307693
25 0.31009615384615385 0.7512019230769231 0.06009615384615385 0.14182692307692307
27 0.4338942307692308 0.7403846153846154 0.06129807692307692 0.15264423076923078
16 0.5012019230769231 0.7451923076923077 0.06370192307692307 0.1466346153846154
16 0.5637019230769231 0.7439903846153846 0.056490384615384616 0.1466346153846154
16 0.6237980769230769 0.7463942307692307 0.06370192307692307 0.1466346153846154
30 0.6899038461538461 0.7463942307692307 0.056490384615384616 0.14543269230769232