14 0.25600961538461536 0.37259615384615385 0.056490384615384616 0.1466346153846154
14 0.3245192307692308 0.37259615384615385 0.046875 0.1466346153846154
20 0.38100961538461536 0.37259615384615385 0.054086538461538464 0.1466346153846154
20 0.4338942307692308 0.3762019230769231 0.04927884615384615 0.14423076923076922
20 0.49158653846153844 0.3786057692307692 0.051682692307692304 0.14423076923076922
3 0.546875 0.3798076923076923 0.054086538461538464 0.14302884615384615
3 0.5973557692307693 0.38341346153846156 0.04447115384615385 0.13822115384615385
3 0.6466346153846154 0.38822115384615385 0.046875 0.1466346153846154
15 0.25 0.6057692307692307 0.056490384615384616 0.13341346153846154
15 0.31009615384615385 0.6045673076923077 0.054086538461538464 0.13221153846153846
32 0.36658653846153844 0.5949519230769231 0.054086538461538464 0.15144230769230768
32 0.421875 0.5961538461538461 0.05048076923076923 0.15264423076923078
32 0.47716346153846156 0.59375 0.054086538461538464 0.14783653846153846
30 0.5300480769230769 0.5973557692307693 0.04927884615384615 0.14903846153846154
30 0.5793269230769231 0.5985576923076923 0.054086538461538464 0.15144230769230768
30 0.6382211538461539 0.6033653846153846 0.054086538461538464 0.15865384615384615
5 0.23317307692307693 0.859375 0.06009615384615385 0.17427884615384615
5 0.29927884615384615 0.8581730769230769 0.06490384615384616 0.17548076923076922
20 0.36177884615384615 0.8557692307692307 0.05048076923076923 0.16947115384615385
20 0.41346153846153844 0.8569711538461539 0.04927884615384615 0.16466346153846154
20 0.47475961538461536 0.8545673076923077 0.05889423076923077 0.16466346153846154
20 0.5336538461538461 0.8545673076923077 0.051682692307692304 0.1658653846153846
20 0.5865384615384616 0.8521634615384616 0.055288461538461536 0.16947115384615385
20 0.6442307692307693 0.8533653846153846 0.055288461538461536 0.17427884615384615