19 0.18028846153846154 0.20552884615384615 0.08173076923076923 0.14903846153846154
19 0.6646634615384616 0.23197115384615385 0.0733173076923077 0.11778846153846154
2 0.25721153846153844 0.20793269230769232 0.07451923076923077 0.13701923076923078
2 0.5973557692307693 0.22956730769230768 0.06009615384615385 0.12259615384615384
10 0.3293269230769231 0.2091346153846154 0.06971153846153846 0.13341346153846154
33 0.39783653846153844 0.21394230769230768 0.06850961538461539 0.12620192307692307
11 0.46634615384615385 0.22115384615384615 0.0733173076923077 0.12740384615384615
11 0.5336538461538461 0.22596153846153846 0.06370192307692307 0.12740384615384615
32 0.16947115384615385 0.3894230769230769 0.06850961538461539 0.18389423076923078
32 0.234375 0.3942307692307692 0.06490384615384616 0.17307692307692307
32 0.2860576923076923 0.7379807692307693 0.051682692307692304 0.125
32 0.4831730769230769 0.5733173076923077 0.055288461538461536 0.1346153846153846
30 0.29927884615384615 0.3942307692307692 0.06490384615384616 0.17427884615384615
30 0.3557692307692308 0.39663461538461536 0.06129807692307692 0.1622596153846154
30 0.43028846153846156 0.5769230769230769 0.054086538461538464 0.13581730769230768
30 0.5360576923076923 0.5721153846153846 0.051682692307692304 0.12860576923076922
14 0.4206730769230769 0.3954326923076923 0.06009615384615385 0.15985576923076922
14 0.3425480769230769 0.734375 0.056490384615384616 0.1310096153846154
14 0.39783653846153844 0.7295673076923077 0.05889423076923077 0.12740384615384615
3 0.48677884615384615 0.39903846153846156 0.06490384615384616 0.16466346153846154
3 0.3076923076923077 0.5769230769230769 0.06370192307692307 0.13701923076923078
3 0.45552884615384615 0.7283653846153846 0.054086538461538464 0.12980769230769232
20 0.5492788461538461 0.4014423076923077 0.06370192307692307 0.15985576923076922
27 0.609375 0.40024038461538464 0.06971153846153846 0.1502403846153846
15 0.17908653846153846 0.5829326923076923 0.07211538461538461 0.14182692307692307
15 0.24639423076923078 0.5829326923076923 0.06610576923076923 0.14543269230769232
25 0.3713942307692308 0.5793269230769231 0.06370192307692307 0.14182692307692307
33 0.5901442307692307 0.5757211538461539 0.05889423076923077 0.13341346153846154
20 0.1622596153846154 0.7451923076923077 0.06850961538461539 0.13822115384615385
20 0.23197115384615385 0.7427884615384616 0.06610576923076923 0.13221153846153846
15 0.5072115384615384 0.7271634615384616 0.04567307692307692 0.11899038461538461
25 0.5576923076923077 0.7211538461538461 0.05889423076923077 0.11778846153846154