11 0.18870192307692307 0.20793269230769232 0.078125 0.1141826923076923
8 0.265625 0.2091346153846154 0.07451923076923077 0.11538461538461539
10 0.3401442307692308 0.20793269230769232 0.07451923076923077 0.11538461538461539
13 0.41586538461538464 0.2091346153846154 0.06850961538461539 0.10697115384615384
2 0.49158653846153844 0.21153846153846154 0.07451923076923077 0.11899038461538461
2 0.5685096153846154 0.21394230769230768 0.07451923076923077 0.11778846153846154
2 0.6430288461538461 0.2127403846153846 0.06610576923076923 0.11538461538461539
13 0.71875 0.21033653846153846 0.07211538461538461 0.10817307692307693
14 0.20432692307692307 0.41466346153846156 0.078125 0.16706730769230768
14 0.2848557692307692 0.4182692307692308 0.07211538461538461 0.17307692307692307
30 0.36177884615384615 0.41586538461538464 0.06971153846153846 0.1658653846153846
30 0.42788461538461536 0.4170673076923077 0.056490384615384616 0.17668269230769232
30 0.49158653846153844 0.41586538461538464 0.06129807692307692 0.17427884615384615
25 0.5588942307692307 0.4206730769230769 0.06850961538461539 0.16947115384615385
25 0.6274038461538461 0.41947115384615385 0.07211538461538461 0.1658653846153846
15 0.7079326923076923 0.43028846153846156 0.07692307692307693 0.14903846153846154
17 0.21634615384615385 0.6670673076923077 0.078125 0.14903846153846154
3 0.28966346153846156 0.6610576923076923 0.06370192307692307 0.17427884615384615
30 0.359375 0.6574519230769231 0.06850961538461539 0.17427884615384615
15 0.42427884615384615 0.6670673076923077 0.07211538461538461 0.14783653846153846
27 0.49399038461538464 0.6526442307692307 0.06850961538461539 0.18509615384615385
27 0.5685096153846154 0.6490384615384616 0.078125 0.18509615384615385
33 0.6370192307692307 0.6682692307692307 0.06490384615384616 0.1502403846153846
33 0.7055288461538461 0.6682692307692307 0.06850961538461539 0.15144230769230768
3 0.3581730769230769 0.8533653846153846 0.06490384615384616 0.14543269230769232
27 0.42788461538461536 0.8521634615384616 0.07451923076923077 0.14783653846153846
20 0.4987980769230769 0.8533653846153846 0.06129807692307692 0.1466346153846154
20 0.5612980769230769 0.8485576923076923 0.06370192307692307 0.14543269230769232
3 0.6274038461538461 0.8485576923076923 0.06370192307692307 0.13822115384615385
3 0.6911057692307693 0.8473557692307693 0.06850961538461539 0.1466346153846154