19 0.27403846153846156 0.27283653846153844 0.06610576923076923 0.12139423076923077
19 0.3329326923076923 0.27283653846153844 0.06129807692307692 0.11778846153846154
19 0.3870192307692308 0.27283653846153844 0.05889423076923077 0.11778846153846154
19 0.44350961538461536 0.2764423076923077 0.06370192307692307 0.12139423076923077
19 0.49759615384615385 0.2764423076923077 0.055288461538461536 0.11658653846153846
19 0.5492788461538461 0.2776442307692308 0.056490384615384616 0.1141826923076923
19 0.6009615384615384 0.2776442307692308 0.046875 0.11298076923076923
10 0.6526442307692307 0.28125 0.056490384615384616 0.10697115384615384
10 0.4423076923076923 0.40384615384615385 0.055288461538461536 0.10697115384615384
10 0.49399038461538464 0.40024038461538464 0.05889423076923077 0.10336538461538461
10 0.5444711538461539 0.40024038461538464 0.05048076923076923 0.10096153846153846
11 0.28125 0.4014423076923077 0.06129807692307692 0.11057692307692307
11 0.33653846153846156 0.39783653846153844 0.055288461538461536 0.11177884615384616
11 0.390625 0.4014423076923077 0.05889423076923077 0.10697115384615384
11 0.5925480769230769 0.4014423076923077 0.054086538461538464 0.10697115384615384
11 0.6442307692307693 0.40024038461538464 0.055288461538461536 0.10096153846153846
33 0.28966346153846156 0.5540865384615384 0.055288461538461536 0.13221153846153846
33 0.34615384615384615 0.5528846153846154 0.05889423076923077 0.13341346153846154
33 0.4483173076923077 0.5492788461538461 0.054086538461538464 0.12620192307692307
17 0.39903846153846156 0.5516826923076923 0.054086538461538464 0.12980769230769232
17 0.49759615384615385 0.5396634615384616 0.04567307692307692 0.14182692307692307
17 0.28846153846153844 0.703125 0.05048076923076923 0.14182692307692307
17 0.33774038461538464 0.7055288461538461 0.051682692307692304 0.13341346153846154
32 0.5432692307692307 0.5396634615384616 0.04567307692307692 0.14543269230769232
32 0.5901442307692307 0.5384615384615384 0.051682692307692304 0.14302884615384615
32 0.6358173076923077 0.5372596153846154 0.055288461538461536 0.13822115384615385
32 0.3870192307692308 0.7043269230769231 0.04927884615384615 0.13701923076923078
5 0.4338942307692308 0.703125 0.056490384615384616 0.1466346153846154
5 0.4855769230769231 0.6971153846153846 0.056490384615384616 0.13942307692307693
5 0.5360576923076923 0.6971153846153846 0.051682692307692304 0.13822115384615385
5 0.5877403846153846 0.6959134615384616 0.054086538461538464 0.14182692307692307
5 0.640625 0.6959134615384616 0.05889423076923077 0.13581730769230768