19 0.17427884615384615 0.18269230769230768 0.08413461538461539 0.12379807692307693
19 0.25841346153846156 0.19110576923076922 0.08173076923076923 0.12379807692307693
19 0.34134615384615385 0.19831730769230768 0.078125 0.125
13 0.49759615384615385 0.20552884615384615 0.07211538461538461 0.11057692307692307
2 0.5793269230769231 0.20793269230769232 0.07932692307692307 0.11177884615384616
8 0.6490384615384616 0.2127403846153846 0.06370192307692307 0.1141826923076923
31 0.7223557692307693 0.22115384615384615 0.07211538461538461 0.11778846153846154
20 0.18028846153846154 0.42788461538461536 0.08774038461538461 0.18990384615384615
20 0.26802884615384615 0.43028846153846156 0.08653846153846154 0.18990384615384615
3 0.3485576923076923 0.4338942307692308 0.078125 0.18269230769230768
3 0.42427884615384615 0.4338942307692308 0.07451923076923077 0.17548076923076922
9 0.4987980769230769 0.4338942307692308 0.07451923076923077 0.18028846153846154
9 0.5769230769230769 0.43149038461538464 0.08653846153846154 0.17548076923076922
14 0.6526442307692307 0.43028846153846156 0.07692307692307693 0.17427884615384615
14 0.7199519230769231 0.4362980769230769 0.07211538461538461 0.16947115384615385
6 0.18509615384615385 0.6947115384615384 0.09375 0.20432692307692307
33 0.2800480769230769 0.6935096153846154 0.08413461538461539 0.19951923076923078
25 0.3641826923076923 0.6887019230769231 0.08774038461538461 0.19591346153846154
25 0.4423076923076923 0.6850961538461539 0.09134615384615384 0.18870192307692307
27 0.5252403846153846 0.6766826923076923 0.09134615384615384 0.20793269230769232
15 0.609375 0.6778846153846154 0.08413461538461539 0.18509615384615385
15 0.6875 0.6778846153846154 0.07932692307692307 0.18269230769230768
5 0.18629807692307693 0.9182692307692307 0.08653846153846154 0.15384615384615385
5 0.2764423076923077 0.9158653846153846 0.078125 0.15985576923076922
5 0.3605769230769231 0.9122596153846154 0.08413461538461539 0.16466346153846154
5 0.44350961538461536 0.9086538461538461 0.08173076923076923 0.16706730769230768
28 0.5168269230769231 0.9074519230769231 0.06490384615384616 0.16947115384615385
28 0.5889423076923077 0.9026442307692307 0.06490384615384616 0.16826923076923078
32 0.6550480769230769 0.8990384615384616 0.07451923076923077 0.16466346153846154
30 0.7259615384615384 0.8918269230769231 0.06971153846153846 0.15264423076923078