19 0.12379807692307693 0.18870192307692307 0.09615384615384616 0.1622596153846154
10 0.21394230769230768 0.18629807692307693 0.0889423076923077 0.15865384615384615
13 0.30288461538461536 0.18269230769230768 0.0829326923076923 0.15504807692307693
15 0.3918269230769231 0.15144230769230768 0.09375 0.21514423076923078
15 0.4879807692307692 0.14543269230769232 0.09375 0.21634615384615385
15 0.5829326923076923 0.14182692307692307 0.09975961538461539 0.21153846153846154
33 0.6826923076923077 0.13822115384615385 0.09375 0.2127403846153846
33 0.7848557692307693 0.13822115384615385 0.10096153846153846 0.21153846153846154
25 0.20072115384615385 0.43149038461538464 0.09615384615384616 0.20192307692307693
25 0.28725961538461536 0.4266826923076923 0.08413461538461539 0.20192307692307693
25 0.37259615384615385 0.4254807692307692 0.08653846153846154 0.2091346153846154
25 0.4567307692307692 0.4254807692307692 0.08774038461538461 0.21153846153846154
25 0.5432692307692307 0.4254807692307692 0.08173076923076923 0.21153846153846154
25 0.625 0.4206730769230769 0.0829326923076923 0.21754807692307693
3 0.7103365384615384 0.41947115384615385 0.0889423076923077 0.21754807692307693
5 0.8076923076923077 0.41225961538461536 0.09615384615384616 0.23317307692307693
20 0.21514423076923078 0.6754807692307693 0.08413461538461539 0.17668269230769232
20 0.2980769230769231 0.6766826923076923 0.08173076923076923 0.18389423076923078
20 0.37740384615384615 0.6754807692307693 0.078125 0.18629807692307693
25 0.45552884615384615 0.6706730769230769 0.078125 0.1814903846153846
25 0.5324519230769231 0.6658653846153846 0.0829326923076923 0.17067307692307693
3 0.6141826923076923 0.6706730769230769 0.08173076923076923 0.18509615384615385
3 0.6971153846153846 0.6682692307692307 0.0829326923076923 0.18990384615384615
30 0.7776442307692307 0.6682692307692307 0.07932692307692307 0.19230769230769232
9 0.26322115384615385 0.8954326923076923 0.078125 0.15985576923076922
9 0.3401442307692308 0.8978365384615384 0.07211538461538461 0.16706730769230768
9 0.4110576923076923 0.8930288461538461 0.07692307692307693 0.16346153846153846
14 0.49038461538461536 0.8954326923076923 0.07692307692307693 0.17067307692307693
14 0.5649038461538461 0.8930288461538461 0.06971153846153846 0.1622596153846154
14 0.6370192307692307 0.890625 0.07692307692307693 0.15865384615384615
14 0.7151442307692307 0.8954326923076923 0.078125 0.15745192307692307
14 0.7956730769230769 0.8954326923076923 0.06971153846153846 0.15985576923076922