2 0.20673076923076922 0.13701923076923078 0.08413461538461539 0.15985576923076922
2 0.28725961538461536 0.13341346153846154 0.07451923076923077 0.1466346153846154
2 0.36778846153846156 0.13221153846153846 0.07692307692307693 0.14783653846153846
13 0.44591346153846156 0.13822115384615385 0.06971153846153846 0.14182692307692307
13 0.5216346153846154 0.13701923076923078 0.07932692307692307 0.14543269230769232
13 0.6045673076923077 0.13942307692307693 0.0733173076923077 0.14423076923076922
10 0.75 0.13341346153846154 0.07932692307692307 0.14302884615384615
10 0.8269230769230769 0.13822115384615385 0.06971153846153846 0.13822115384615385
8 0.23197115384615385 0.43509615384615385 0.06490384615384616 0.1346153846153846
8 0.30288461538461536 0.43509615384615385 0.07451923076923077 0.13341346153846154
19 0.6586538461538461 0.43149038461538464 0.06490384615384616 0.12980769230769232
29 0.7271634615384616 0.43028846153846156 0.06370192307692307 0.12620192307692307
33 0.2620192307692308 0.6550480769230769 0.08413461538461539 0.17908653846153846
33 0.3449519230769231 0.6550480769230769 0.078125 0.18028846153846154
15 0.5661057692307693 0.6622596153846154 0.07211538461538461 0.15384615384615385
15 0.6346153846153846 0.6586538461538461 0.06490384615384616 0.15504807692307693
25 0.703125 0.6514423076923077 0.06610576923076923 0.17427884615384615
25 0.7764423076923077 0.6490384615384616 0.06370192307692307 0.17668269230769232
5 0.27524038461538464 0.8557692307692307 0.07451923076923077 0.16105769230769232
5 0.34615384615384615 0.8545673076923077 0.06850961538461539 0.15985576923076922
27 0.4170673076923077 0.8521634615384616 0.06610576923076923 0.15865384615384615
27 0.48677884615384615 0.8521634615384616 0.06610576923076923 0.15865384615384615
27 0.5612980769230769 0.8461538461538461 0.06610576923076923 0.15264423076923078
30 0.6298076923076923 0.8509615384615384 0.056490384615384616 0.15625
30 0.6923076923076923 0.8473557692307693 0.055288461538461536 0.15504807692307693
30 0.7572115384615384 0.8521634615384616 0.06610576923076923 0.15625