16 0.06971153846153846 0.27524038461538464 0.13942307692307693 0.2800480769230769
16 0.21634615384615385 0.27163461538461536 0.15625 0.27524038461538464
16 0.38341346153846156 0.27283653846153844 0.17548076923076922 0.27524038461538464
16 0.5685096153846154 0.2704326923076923 0.1875 0.27884615384615385
16 0.7427884615384616 0.26802884615384615 0.15745192307692307 0.27884615384615385
16 0.9134615384615384 0.2704326923076923 0.17067307692307693 0.2800480769230769
16 0.15985576923076922 0.7115384615384616 0.12980769230769232 0.19831730769230768
16 0.296875 0.7103365384615384 0.13221153846153846 0.1935096153846154
16 0.4254807692307692 0.7091346153846154 0.125 0.19591346153846154
16 0.5612980769230769 0.7115384615384616 0.12980769230769232 0.19471153846153846
16 0.6935096153846154 0.7079326923076923 0.11899038461538461 0.19471153846153846
16 0.8245192307692307 0.7079326923076923 0.13341346153846154 0.19471153846153846