14 0.35216346153846156 0.16826923076923078 0.06971153846153846 0.15384615384615385
14 0.43028846153846156 0.16947115384615385 0.06971153846153846 0.1502403846153846
20 0.5096153846153846 0.17427884615384615 0.07692307692307693 0.15264423076923078
30 0.5889423076923077 0.17427884615384615 0.06490384615384616 0.15504807692307693
30 0.6682692307692307 0.17427884615384615 0.06129807692307692 0.15504807692307693
30 0.734375 0.17548076923076922 0.055288461538461536 0.15264423076923078
5 0.8125 0.17548076923076922 0.08774038461538461 0.16105769230769232
5 0.14783653846153846 0.359375 0.07451923076923077 0.15865384615384615
33 0.2247596153846154 0.36658653846153844 0.078125 0.15264423076923078
33 0.3004807692307692 0.36538461538461536 0.07211538461538461 0.15144230769230768
33 0.38100961538461536 0.36778846153846156 0.07451923076923077 0.15144230769230768
33 0.45913461538461536 0.36899038461538464 0.07692307692307693 0.15144230769230768
33 0.546875 0.36658653846153844 0.07451923076923077 0.14423076923076922
20 0.6237980769230769 0.36899038461538464 0.06850961538461539 0.13822115384615385
20 0.6947115384615384 0.3713942307692308 0.06009615384615385 0.14423076923076922
20 0.7752403846153846 0.37740384615384615 0.07211538461538461 0.15144230769230768
5 0.43028846153846156 0.5192307692307693 0.06971153846153846 0.12860576923076922
20 0.5192307692307693 0.5228365384615384 0.06370192307692307 0.12860576923076922
20 0.5829326923076923 0.5228365384615384 0.054086538461538464 0.13221153846153846
20 0.6538461538461539 0.5264423076923077 0.06129807692307692 0.1346153846153846
14 0.7223557692307693 0.53125 0.06490384615384616 0.13701923076923078
14 0.7992788461538461 0.5348557692307693 0.06370192307692307 0.13341346153846154
5 0.15144230769230768 0.6682692307692307 0.07692307692307693 0.13341346153846154
5 0.22596153846153846 0.6670673076923077 0.078125 0.13221153846153846
5 0.3004807692307692 0.6706730769230769 0.06610576923076923 0.1346153846153846
5 0.36899038461538464 0.6766826923076923 0.06490384615384616 0.1346153846153846
5 0.43990384615384615 0.6730769230769231 0.06610576923076923 0.1346153846153846
5 0.5108173076923077 0.6754807692307693 0.06129807692307692 0.13822115384615385
33 0.5853365384615384 0.6826923076923077 0.06490384615384616 0.13701923076923078
33 0.6550480769230769 0.6850961538461539 0.06370192307692307 0.13822115384615385
33 0.7295673076923077 0.6826923076923077 0.06971153846153846 0.12860576923076922