19 0.125 0.11298076923076923 0.078125 0.1935096153846154
19 0.2247596153846154 0.11658653846153846 0.11538461538461539 0.18990384615384615
19 0.3317307692307692 0.11899038461538461 0.09735576923076923 0.17908653846153846
2 0.42788461538461536 0.1201923076923077 0.0889423076923077 0.17908653846153846
13 0.5240384615384616 0.12259615384615384 0.0889423076923077 0.17427884615384615
13 0.6129807692307693 0.12139423076923077 0.078125 0.15985576923076922
10 0.6947115384615384 0.12259615384615384 0.06610576923076923 0.15144230769230768
11 0.7752403846153846 0.12620192307692307 0.07211538461538461 0.14903846153846154
3 0.16706730769230768 0.4483173076923077 0.07932692307692307 0.2536057692307692
3 0.25961538461538464 0.43509615384615385 0.09254807692307693 0.25
9 0.3545673076923077 0.4266826923076923 0.09735576923076923 0.23317307692307693
25 0.4519230769230769 0.4182692307692308 0.08413461538461539 0.22355769230769232
27 0.5360576923076923 0.39783653846153844 0.08774038461538461 0.24519230769230768
27 0.625 0.3858173076923077 0.0889423076923077 0.22956730769230768
27 0.7151442307692307 0.3762019230769231 0.078125 0.21995192307692307
33 0.2668269230769231 0.7115384615384616 0.09134615384615384 0.20072115384615385
36 0.35336538461538464 0.7139423076923077 0.078125 0.15504807692307693
36 0.42908653846153844 0.6959134615384616 0.06490384615384616 0.15264423076923078
30 0.49158653846153844 0.6598557692307693 0.06009615384615385 0.19230769230769232
30 0.5564903846153846 0.6502403846153846 0.06490384615384616 0.18509615384615385
15 0.6262019230769231 0.6418269230769231 0.07451923076923077 0.16706730769230768
15 0.6959134615384616 0.6262019230769231 0.06129807692307692 0.1622596153846154
5 0.22716346153846154 0.9326923076923077 0.08413461538461539 0.1310096153846154
5 0.3173076923076923 0.9170673076923077 0.078125 0.1622596153846154
5 0.39903846153846156 0.8978365384615384 0.07932692307692307 0.15985576923076922
17 0.47475961538461536 0.8786057692307693 0.07211538461538461 0.15384615384615385
17 0.5444711538461539 0.8605769230769231 0.06610576923076923 0.15985576923076922
17 0.609375 0.8389423076923077 0.05889423076923077 0.1502403846153846
17 0.6742788461538461 0.8197115384615384 0.06009615384615385 0.14302884615384615