18 0.27884615384615385 0.38822115384615385 0.07692307692307693 0.11177884615384616
18 0.3629807692307692 0.3918269230769231 0.07451923076923077 0.11538461538461539
18 0.44591346153846156 0.3918269230769231 0.07451923076923077 0.11899038461538461
18 0.5360576923076923 0.3954326923076923 0.07451923076923077 0.11177884615384616
18 0.6177884615384616 0.4014423076923077 0.06850961538461539 0.11778846153846154
18 0.6959134615384616 0.39903846153846156 0.08173076923076923 0.11899038461538461
18 0.49759615384615385 0.6490384615384616 0.078125 0.1045673076923077
18 0.5697115384615384 0.6466346153846154 0.06370192307692307 0.09975961538461539
18 0.6466346153846154 0.6490384615384616 0.07451923076923077 0.10216346153846154
16 0.27524038461538464 0.6442307692307693 0.078125 0.10697115384615384
16 0.3485576923076923 0.6442307692307693 0.06370192307692307 0.10697115384615384
16 0.4206730769230769 0.6454326923076923 0.06370192307692307 0.11177884615384616
16 0.27524038461538464 0.5264423076923077 0.06971153846153846 0.09014423076923077
16 0.3473557692307692 0.5276442307692307 0.06610576923076923 0.09134615384615384
16 0.4182692307692308 0.53125 0.06129807692307692 0.09014423076923077
16 0.49399038461538464 0.53125 0.06129807692307692 0.09014423076923077