29 0.09134615384615384 0.09495192307692307 0.06009615384615385 0.17548076923076922
29 0.15384615384615385 0.1045673076923077 0.06610576923076923 0.16706730769230768
4 0.22596153846153846 0.10817307692307693 0.08173076923076923 0.17067307692307693
4 0.31009615384615385 0.11899038461538461 0.07932692307692307 0.16706730769230768
4 0.38221153846153844 0.12860576923076922 0.06490384615384616 0.15865384615384615
19 0.44471153846153844 0.13581730769230768 0.06009615384615385 0.15625
11 0.5132211538461539 0.14903846153846154 0.06610576923076923 0.14182692307692307
31 0.5757211538461539 0.14783653846153846 0.06850961538461539 0.14423076923076922
31 0.7115384615384616 0.15985576923076922 0.06009615384615385 0.14423076923076922
4 0.6466346153846154 0.15264423076923078 0.0733173076923077 0.14903846153846154
34 0.7752403846153846 0.16466346153846154 0.06850961538461539 0.13581730769230768
14 0.09134615384615384 0.33413461538461536 0.06009615384615385 0.23918269230769232
6 0.15985576923076922 0.3425480769230769 0.08653846153846154 0.22115384615384615
30 0.24278846153846154 0.34134615384615385 0.08413461538461539 0.2247596153846154
30 0.3112980769230769 0.3449519230769231 0.06610576923076923 0.21754807692307693
35 0.3737980769230769 0.3737980769230769 0.06850961538461539 0.16947115384615385
9 0.4362980769230769 0.35216346153846156 0.06610576923076923 0.21514423076923078
9 0.5012019230769231 0.35336538461538464 0.07211538461538461 0.2127403846153846
9 0.5625 0.3545673076923077 0.06129807692307692 0.20673076923076922
35 0.6225961538461539 0.38221153846153844 0.06850961538461539 0.16105769230769232
14 0.6862980769230769 0.3581730769230769 0.06490384615384616 0.19591346153846154
5 0.75 0.359375 0.07692307692307693 0.20072115384615385
33 0.09615384615384616 0.6105769230769231 0.06370192307692307 0.19831730769230768
32 0.16466346153846154 0.5853365384615384 0.0733173076923077 0.22115384615384615
20 0.23557692307692307 0.5865384615384616 0.078125 0.21875
15 0.3088942307692308 0.5997596153846154 0.07211538461538461 0.1875
14 0.3786057692307692 0.5841346153846154 0.07211538461538461 0.21153846153846154
14 0.44591346153846156 0.5793269230769231 0.07211538461538461 0.20072115384615385
14 0.6213942307692307 0.5721153846153846 0.06610576923076923 0.18870192307692307
3 0.6850961538461539 0.5697115384615384 0.06009615384615385 0.18509615384615385
3 0.7475961538461539 0.5697115384615384 0.06610576923076923 0.1875
36 0.1622596153846154 0.8401442307692307 0.07692307692307693 0.16706730769230768
36 0.23317307692307693 0.8317307692307693 0.07692307692307693 0.16466346153846154
36 0.6670673076923077 0.7896634615384616 0.0733173076923077 0.14903846153846154
17 0.30288461538461536 0.8112980769230769 0.0733173076923077 0.17307692307692307
17 0.3762019230769231 0.8052884615384616 0.07211538461538461 0.17548076923076922
35 0.4362980769230769 0.8064903846153846 0.06009615384615385 0.15865384615384615
14 0.4963942307692308 0.7836538461538461 0.06370192307692307 0.18389423076923078
6 0.6021634615384616 0.7728365384615384 0.07451923076923077 0.1814903846153846
28 0.7271634615384616 0.7668269230769231 0.06129807692307692 0.18389423076923078