17 0.2848557692307692 0.46033653846153844 0.12860576923076922 0.25600961538461536
17 0.4014423076923077 0.4639423076923077 0.11057692307692307 0.25600961538461536
17 0.5240384615384616 0.4639423076923077 0.12139423076923077 0.25841346153846156
17 0.6550480769230769 0.46033653846153844 0.12860576923076922 0.25841346153846156
17 0.7800480769230769 0.46033653846153844 0.1141826923076923 0.26322115384615385
17 0.90625 0.4579326923076923 0.1141826923076923 0.2668269230769231
15 0.3762019230769231 0.8701923076923077 0.09975961538461539 0.1622596153846154
15 0.4699519230769231 0.8701923076923077 0.08173076923076923 0.17427884615384615
15 0.5564903846153846 0.8677884615384616 0.08653846153846154 0.18629807692307693
15 0.6598557692307693 0.8629807692307693 0.09615384615384616 0.19471153846153846
15 0.7548076923076923 0.8677884615384616 0.0889423076923077 0.19951923076923078
15 0.8545673076923077 0.8677884615384616 0.0889423076923077 0.18990384615384615