31 0.41586538461538464 0.24759615384615385 0.051682692307692304 0.11177884615384616
2 0.46875 0.25 0.042067307692307696 0.09975961538461539
29 0.6298076923076923 0.25721153846153844 0.046875 0.09975961538461539
10 0.6826923076923077 0.2608173076923077 0.046875 0.09975961538461539
11 0.7379807692307693 0.25841346153846156 0.054086538461538464 0.09254807692307693
11 0.7944711538461539 0.26322115384615385 0.046875 0.09735576923076923
33 0.4182692307692308 0.4170673076923077 0.04927884615384615 0.1346153846153846
3 0.4723557692307692 0.41466346153846156 0.05048076923076923 0.13221153846153846
25 0.53125 0.41947115384615385 0.054086538461538464 0.13221153846153846
9 0.5889423076923077 0.4206730769230769 0.054086538461538464 0.13341346153846154
20 0.6466346153846154 0.421875 0.04927884615384615 0.13341346153846154
30 0.4411057692307692 0.5817307692307693 0.046875 0.12139423076923077
6 0.5721153846153846 0.5793269230769231 0.05048076923076923 0.11899038461538461
6 0.6225961538461539 0.5829326923076923 0.042067307692307696 0.12379807692307693
6 0.671875 0.5805288461538461 0.04567307692307692 0.1201923076923077
6 0.7247596153846154 0.5793269230769231 0.051682692307692304 0.11658653846153846
18 0.41225961538461536 0.7235576923076923 0.046875 0.10697115384615384
16 0.46153846153846156 0.7223557692307693 0.04447115384615385 0.11177884615384616
16 0.5060096153846154 0.7223557692307693 0.037259615384615384 0.11177884615384616
16 0.5540865384615384 0.7199519230769231 0.040865384615384616 0.11177884615384616
27 0.6033653846153846 0.7139423076923077 0.04567307692307692 0.10576923076923077
27 0.6502403846153846 0.7163461538461539 0.038461538461538464 0.10697115384615384
27 0.6995192307692307 0.7175480769230769 0.042067307692307696 0.10336538461538461