19 0.09735576923076923 0.21153846153846154 0.08173076923076923 0.12860576923076922
13 0.18870192307692307 0.21514423076923078 0.08413461538461539 0.12139423076923077
2 0.2776442307692308 0.21875 0.08774038461538461 0.12740384615384615
8 0.37259615384615385 0.22235576923076922 0.09134615384615384 0.12379807692307693
11 0.45913461538461536 0.22355769230769232 0.07451923076923077 0.12379807692307693
29 0.5408653846153846 0.2247596153846154 0.08653846153846154 0.12379807692307693
5 0.625 0.19230769230769232 0.0733173076923077 0.18509615384615385
5 0.7235576923076923 0.19230769230769232 0.10096153846153846 0.18509615384615385
6 0.11658653846153846 0.4326923076923077 0.08774038461538461 0.16706730769230768
6 0.21033653846153846 0.4362980769230769 0.08653846153846154 0.17307692307692307
9 0.2980769230769231 0.4362980769230769 0.0829326923076923 0.15985576923076922
3 0.38822115384615385 0.43990384615384615 0.0889423076923077 0.16466346153846154
20 0.47115384615384615 0.4362980769230769 0.07932692307692307 0.15625
14 0.5564903846153846 0.4362980769230769 0.07692307692307693 0.15264423076923078
27 0.6346153846153846 0.42788461538461536 0.06850961538461539 0.17067307692307693
17 0.7151442307692307 0.4411057692307692 0.08413461538461539 0.15985576923076922
30 0.12980769230769232 0.6586538461538461 0.06850961538461539 0.14783653846153846
32 0.203125 0.6586538461538461 0.07451923076923077 0.14783653846153846
36 0.2800480769230769 0.6730769230769231 0.078125 0.12259615384615384
30 0.3557692307692308 0.6514423076923077 0.06850961538461539 0.14783653846153846
30 0.4362980769230769 0.6514423076923077 0.07451923076923077 0.1466346153846154
33 0.5144230769230769 0.6610576923076923 0.07932692307692307 0.12740384615384615
32 0.5865384615384616 0.6466346153846154 0.06370192307692307 0.14182692307692307
14 0.6646634615384616 0.6454326923076923 0.07451923076923077 0.13942307692307693