20 0.22716346153846154 0.4014423076923077 0.055288461538461536 0.15144230769230768
19 0.28846153846153844 0.40625 0.056490384615384616 0.14783653846153846
3 0.3485576923076923 0.4098557692307692 0.054086538461538464 0.15264423076923078
3 0.3954326923076923 0.41466346153846156 0.042067307692307696 0.15144230769230768
25 0.44591346153846156 0.4182692307692308 0.05889423076923077 0.15865384615384615
25 0.5060096153846154 0.42427884615384615 0.06009615384615385 0.16346153846153846
27 0.5697115384615384 0.4182692307692308 0.06370192307692307 0.1814903846153846
27 0.6346153846153846 0.42427884615384615 0.06129807692307692 0.19230769230769232
33 0.7091346153846154 0.44591346153846156 0.055288461538461536 0.15384615384615385
33 0.7728365384615384 0.4495192307692308 0.05889423076923077 0.16105769230769232
33 0.7451923076923077 0.6610576923076923 0.055288461538461536 0.1310096153846154
33 0.6826923076923077 0.6526442307692307 0.05048076923076923 0.14182692307692307
33 0.6262019230769231 0.6466346153846154 0.055288461538461536 0.13701923076923078
33 0.5685096153846154 0.6394230769230769 0.04927884615384615 0.12860576923076922
16 0.2620192307692308 0.5865384615384616 0.06490384615384616 0.12620192307692307
16 0.31490384615384615 0.5949519230769231 0.051682692307692304 0.12620192307692307
16 0.36778846153846156 0.6057692307692307 0.046875 0.12860576923076922
16 0.4182692307692308 0.6105769230769231 0.042067307692307696 0.1310096153846154
25 0.4675480769230769 0.6141826923076923 0.05048076923076923 0.13221153846153846
25 0.5192307692307693 0.625 0.038461538461538464 0.13942307692307693
3 0.2620192307692308 0.8329326923076923 0.06850961538461539 0.17548076923076922
3 0.33774038461538464 0.8461538461538461 0.06971153846153846 0.1814903846153846
3 0.6622596153846154 0.9086538461538461 0.07451923076923077 0.18028846153846154
3 0.5769230769230769 0.9002403846153846 0.07692307692307693 0.1875
20 0.41225961538461536 0.8617788461538461 0.06971153846153846 0.18269230769230768
9 0.49278846153846156 0.8798076923076923 0.07211538461538461 0.1935096153846154