19 0.18389423076923078 0.3389423076923077 0.06129807692307692 0.08653846153846154
19 0.24759615384615385 0.3401442307692308 0.05889423076923077 0.0829326923076923
19 0.30408653846153844 0.3401442307692308 0.04927884615384615 0.08173076923076923
29 0.3581730769230769 0.3401442307692308 0.05048076923076923 0.08052884615384616
29 0.41586538461538464 0.3389423076923077 0.054086538461538464 0.08052884615384616
8 0.4675480769230769 0.33774038461538464 0.046875 0.08653846153846154
8 0.5168269230769231 0.33533653846153844 0.05048076923076923 0.07932692307692307
8 0.5673076923076923 0.33533653846153844 0.04927884615384615 0.07572115384615384
8 0.6189903846153846 0.33533653846153844 0.051682692307692304 0.07932692307692307
13 0.6694711538461539 0.33533653846153844 0.04567307692307692 0.07932692307692307
13 0.7175480769230769 0.33533653846153844 0.04927884615384615 0.0733173076923077
13 0.7668269230769231 0.33533653846153844 0.046875 0.07451923076923077
13 0.8161057692307693 0.3329326923076923 0.042067307692307696 0.07932692307692307
13 0.859375 0.33052884615384615 0.04447115384615385 0.07692307692307693
13 0.9050480769230769 0.33052884615384615 0.046875 0.07932692307692307
13 0.5612980769230769 0.6262019230769231 0.04567307692307692 0.07091346153846154
13 0.6081730769230769 0.6225961538461539 0.04567307692307692 0.07211538461538461
13 0.6550480769230769 0.6177884615384616 0.042067307692307696 0.07572115384615384
13 0.6959134615384616 0.6153846153846154 0.038461538461538464 0.07692307692307693
13 0.7391826923076923 0.6117788461538461 0.05048076923076923 0.06971153846153846
13 0.7824519230769231 0.6069711538461539 0.042067307692307696 0.07091346153846154
13 0.8233173076923077 0.6045673076923077 0.038461538461538464 0.07211538461538461
13 0.8665865384615384 0.5997596153846154 0.042067307692307696 0.07451923076923077
33 0.1971153846153846 0.6514423076923077 0.055288461538461536 0.0985576923076923
33 0.25240384615384615 0.6478365384615384 0.051682692307692304 0.09254807692307693
33 0.3076923076923077 0.6418269230769231 0.05048076923076923 0.10096153846153846
33 0.36538461538461536 0.6382211538461539 0.051682692307692304 0.0985576923076923
33 0.4182692307692308 0.6298076923076923 0.04927884615384615 0.09375
33 0.4675480769230769 0.6262019230769231 0.046875 0.09735576923076923
33 0.5132211538461539 0.6213942307692307 0.042067307692307696 0.09014423076923077
5 0.21033653846153846 0.8569711538461539 0.06129807692307692 0.10576923076923077
20 0.2824519230769231 0.8173076923076923 0.06971153846153846 0.1622596153846154
20 0.3605769230769231 0.8112980769230769 0.078125 0.1658653846153846
20 0.4411057692307692 0.8004807692307693 0.07211538461538461 0.16466346153846154
20 0.6670673076923077 0.7716346153846154 0.046875 0.14783653846153846
20 0.7295673076923077 0.7632211538461539 0.06009615384615385 0.14903846153846154