21 0.11057692307692307 0.15745192307692307 0.08774038461538461 0.11658653846153846
21 0.20192307692307693 0.15865384615384615 0.08413461538461539 0.11057692307692307
21 0.2932692307692308 0.1622596153846154 0.08653846153846154 0.11057692307692307
21 0.3786057692307692 0.1658653846153846 0.078125 0.1045673076923077
21 0.46274038461538464 0.17067307692307693 0.07932692307692307 0.10336538461538461
3 0.5432692307692307 0.140625 0.078125 0.16826923076923078
3 0.625 0.14423076923076922 0.0733173076923077 0.16346153846153846
3 0.6995192307692307 0.14903846153846154 0.06971153846153846 0.16105769230769232
3 0.7704326923076923 0.1502403846153846 0.07211538461538461 0.15745192307692307
3 0.8461538461538461 0.15504807692307693 0.06971153846153846 0.1622596153846154
3 0.9134615384615384 0.15985576923076922 0.054086538461538464 0.15384615384615385
14 0.11177884615384616 0.3401442307692308 0.07932692307692307 0.16346153846153846
14 0.1814903846153846 0.3425480769230769 0.06009615384615385 0.15865384615384615
30 0.2536057692307692 0.3449519230769231 0.08173076923076923 0.15504807692307693
30 0.3329326923076923 0.3473557692307692 0.06009615384615385 0.15504807692307693
30 0.4050480769230769 0.3449519230769231 0.06850961538461539 0.15504807692307693
30 0.46875 0.3473557692307692 0.051682692307692304 0.15504807692307693
30 0.5324519230769231 0.3485576923076923 0.06971153846153846 0.15144230769230768
32 0.6069711538461539 0.35096153846153844 0.07211538461538461 0.14783653846153846
32 0.6766826923076923 0.3485576923076923 0.06490384615384616 0.1466346153846154
32 0.75 0.3485576923076923 0.06490384615384616 0.14903846153846154
32 0.8076923076923077 0.35096153846153844 0.040865384615384616 0.14783653846153846
32 0.8677884615384616 0.35096153846153844 0.07211538461538461 0.14423076923076922
14 0.11538461538461539 0.53125 0.08173076923076923 0.14543269230769232
14 0.19230769230769232 0.5300480769230769 0.06971153846153846 0.1466346153846154
14 0.26802884615384615 0.5276442307692307 0.06971153846153846 0.14182692307692307
14 0.3389423076923077 0.5276442307692307 0.0733173076923077 0.14182692307692307
9 0.41466346153846156 0.5288461538461539 0.07211538461538461 0.13701923076923078
9 0.484375 0.5264423076923077 0.06490384615384616 0.14302884615384615
20 0.5456730769230769 0.5192307692307693 0.054086538461538464 0.1201923076923077
20 0.6382211538461539 0.5204326923076923 0.06370192307692307 0.12620192307692307
20 0.7091346153846154 0.5240384615384616 0.06850961538461539 0.13221153846153846
20 0.7824519230769231 0.5240384615384616 0.06610576923076923 0.13221153846153846
20 0.8485576923076923 0.5228365384615384 0.055288461538461536 0.12620192307692307
28 0.11899038461538461 0.7259615384615384 0.06610576923076923 0.13822115384615385
28 0.1935096153846154 0.7223557692307693 0.06850961538461539 0.13701923076923078
28 0.2692307692307692 0.7199519230769231 0.06009615384615385 0.14182692307692307
28 0.33052884615384615 0.7103365384615384 0.055288461538461536 0.14182692307692307
9 0.39302884615384615 0.7091346153846154 0.06850961538461539 0.14783653846153846
9 0.4651442307692308 0.7079326923076923 0.06490384615384616 0.14543269230769232
9 0.5252403846153846 0.7043269230769231 0.051682692307692304 0.1466346153846154
6 0.5913461538461539 0.7055288461538461 0.07932692307692307 0.13701923076923078
6 0.6634615384615384 0.7007211538461539 0.07451923076923077 0.13822115384615385
6 0.7379807692307693 0.7019230769230769 0.06850961538461539 0.13581730769230768
6 0.8149038461538461 0.7043269230769231 0.078125 0.1466346153846154
9 0.20673076923076922 0.9290865384615384 0.06850961538461539 0.13942307692307693
9 0.2776442307692308 0.9254807692307693 0.06610576923076923 0.14543269230769232
9 0.35096153846153844 0.9242788461538461 0.06971153846153846 0.14423076923076922