5 0.09975961538461539 0.48197115384615385 0.07932692307692307 0.13822115384615385
5 0.18028846153846154 0.4855769230769231 0.07451923076923077 0.14543269230769232
5 0.2548076923076923 0.4891826923076923 0.078125 0.14302884615384615
5 0.33653846153846156 0.49158653846153844 0.078125 0.14302884615384615
5 0.4170673076923077 0.4987980769230769 0.07692307692307693 0.1466346153846154
5 0.4891826923076923 0.5024038461538461 0.06971153846153846 0.14302884615384615
5 0.5673076923076923 0.5084134615384616 0.07211538461538461 0.14302884615384615
5 0.12740384615384615 0.7427884615384616 0.09254807692307693 0.17668269230769232
5 0.22235576923076922 0.7536057692307693 0.09134615384615384 0.16826923076923078
5 0.31850961538461536 0.7620192307692307 0.09735576923076923 0.17548076923076922
5 0.421875 0.7728365384615384 0.10216346153846154 0.1814903846153846
5 0.5264423076923077 0.7776442307692307 0.09615384615384616 0.18509615384615385