19 0.12379807692307693 0.20432692307692307 0.1346153846153846 0.19230769230769232
19 0.2548076923076923 0.18509615384615385 0.11899038461538461 0.16706730769230768
2 0.3737980769230769 0.18028846153846154 0.1201923076923077 0.16346153846153846
2 0.49038461538461536 0.18028846153846154 0.10216346153846154 0.16105769230769232
8 0.6009615384615384 0.17908653846153846 0.109375 0.15745192307692307
13 0.7043269230769231 0.1778846153846154 0.09615384615384616 0.15625
11 0.8052884615384616 0.17668269230769232 0.10096153846153846 0.15264423076923078
10 0.9206730769230769 0.1778846153846154 0.09735576923076923 0.14302884615384615
20 0.18269230769230768 0.49399038461538464 0.11538461538461539 0.21153846153846154
27 0.3088942307692308 0.4723557692307692 0.12980769230769232 0.2247596153846154
27 0.4338942307692308 0.4675480769230769 0.11538461538461539 0.21153846153846154
27 0.5384615384615384 0.4579326923076923 0.09134615384615384 0.21754807692307693
33 0.234375 0.7560096153846154 0.11177884615384616 0.17908653846153846
33 0.33413461538461536 0.7259615384615384 0.0829326923076923 0.18269230769230768
17 0.46875 0.7271634615384616 0.109375 0.17548076923076922
30 0.5540865384615384 0.7007211538461539 0.06490384615384616 0.17548076923076922
30 0.6298076923076923 0.6935096153846154 0.08413461538461539 0.17067307692307693
30 0.7139423076923077 0.6838942307692307 0.07451923076923077 0.16346153846153846
15 0.7872596153846154 0.6790865384615384 0.07211538461538461 0.1466346153846154
15 0.875 0.6899038461538461 0.08413461538461539 0.15264423076923078