19 0.27163461538461536 0.29447115384615385 0.042067307692307696 0.0673076923076923
2 0.31850961538461536 0.2920673076923077 0.04927884615384615 0.0673076923076923
34 0.3629807692307692 0.2932692307692308 0.046875 0.06971153846153846
34 0.4050480769230769 0.29447115384615385 0.042067307692307696 0.07211538461538461
34 0.4495192307692308 0.2956730769230769 0.040865384615384616 0.06971153846153846
34 0.49038461538461536 0.29447115384615385 0.04447115384615385 0.0733173076923077
34 0.5384615384615384 0.2956730769230769 0.042067307692307696 0.07091346153846154
34 0.5865384615384616 0.2980769230769231 0.04447115384615385 0.0733173076923077
36 0.27403846153846156 0.4254807692307692 0.040865384615384616 0.0889423076923077
36 0.3161057692307692 0.4230769230769231 0.04447115384615385 0.07932692307692307
36 0.3605769230769231 0.4254807692307692 0.046875 0.08052884615384616
36 0.4026442307692308 0.42427884615384615 0.040865384615384616 0.08173076923076923
36 0.44591346153846156 0.42427884615384615 0.042067307692307696 0.0829326923076923
10 0.4891826923076923 0.42908653846153844 0.04447115384615385 0.06850961538461539
10 0.5324519230769231 0.43028846153846156 0.040865384615384616 0.06850961538461539
5 0.5769230769230769 0.42908653846153844 0.042067307692307696 0.0829326923076923
32 0.2776442307692308 0.5540865384615384 0.04927884615384615 0.10216346153846154
32 0.3173076923076923 0.5540865384615384 0.040865384615384616 0.10697115384615384
32 0.3557692307692308 0.5540865384615384 0.040865384615384616 0.10697115384615384
32 0.39302884615384615 0.5528846153846154 0.04567307692307692 0.11298076923076923
32 0.4387019230769231 0.5504807692307693 0.040865384615384616 0.11177884615384616
5 0.4807692307692308 0.5504807692307693 0.04447115384615385 0.11177884615384616
5 0.5240384615384616 0.5528846153846154 0.04567307692307692 0.10697115384615384
5 0.5697115384615384 0.5516826923076923 0.046875 0.10817307692307693
14 0.2776442307692308 0.6838942307692307 0.037259615384615384 0.10096153846153846
14 0.31971153846153844 0.6850961538461539 0.040865384615384616 0.10216346153846154
14 0.3581730769230769 0.6814903846153846 0.036057692307692304 0.10336538461538461
17 0.3954326923076923 0.6875 0.038461538461538464 0.08774038461538461
17 0.43990384615384615 0.6899038461538461 0.04447115384615385 0.09495192307692307
17 0.4795673076923077 0.6911057692307693 0.04567307692307692 0.09134615384615384
17 0.5252403846153846 0.6887019230769231 0.04567307692307692 0.09014423076923077
17 0.5685096153846154 0.6935096153846154 0.038461538461538464 0.09134615384615384