6 0.13701923076923078 0.234375 0.0889423076923077 0.16346153846153846
5 0.22355769230769232 0.23197115384615385 0.0829326923076923 0.17908653846153846
5 0.3125 0.22956730769230768 0.09134615384615384 0.17427884615384615
5 0.4074519230769231 0.23798076923076922 0.0889423076923077 0.18990384615384615
5 0.49759615384615385 0.23557692307692307 0.08413461538461539 0.18509615384615385
5 0.5865384615384616 0.23076923076923078 0.0829326923076923 0.18028846153846154
5 0.6766826923076923 0.234375 0.08413461538461539 0.17668269230769232
5 0.7644230769230769 0.23557692307692307 0.07451923076923077 0.18389423076923078
5 0.5793269230769231 0.4387019230769231 0.08173076923076923 0.14182692307692307
5 0.6598557692307693 0.4411057692307692 0.08173076923076923 0.15264423076923078
5 0.7427884615384616 0.43990384615384615 0.06971153846153846 0.14903846153846154
27 0.1622596153846154 0.4423076923076923 0.08173076923076923 0.15985576923076922
27 0.24519230769230768 0.4375 0.0829326923076923 0.15504807692307693
27 0.3317307692307692 0.43990384615384615 0.08774038461538461 0.15384615384615385
27 0.41586538461538464 0.4387019230769231 0.078125 0.14903846153846154
27 0.4951923076923077 0.43509615384615385 0.07692307692307693 0.1502403846153846
6 0.18870192307692307 0.6081730769230769 0.07211538461538461 0.12620192307692307
6 0.265625 0.6057692307692307 0.0733173076923077 0.12740384615384615
6 0.3401442307692308 0.6081730769230769 0.0733173076923077 0.12740384615384615
6 0.41586538461538464 0.6057692307692307 0.07211538461538461 0.12379807692307693
6 0.49158653846153844 0.6069711538461539 0.06850961538461539 0.12980769230769232
6 0.5661057692307693 0.6069711538461539 0.0733173076923077 0.12620192307692307
6 0.20673076923076922 0.75 0.06370192307692307 0.11538461538461539
6 0.27524038461538464 0.75 0.06850961538461539 0.11778846153846154
6 0.3485576923076923 0.7524038461538461 0.07211538461538461 0.1201923076923077
6 0.4182692307692308 0.7524038461538461 0.06971153846153846 0.11177884615384616
6 0.48677884615384615 0.7512019230769231 0.06850961538461539 0.1141826923076923
6 0.5588942307692307 0.75 0.06971153846153846 0.11538461538461539
6 0.6322115384615384 0.7463942307692307 0.06490384615384616 0.11298076923076923
6 0.7055288461538461 0.7487980769230769 0.06129807692307692 0.11538461538461539
35 0.6394230769230769 0.6225961538461539 0.06129807692307692 0.1045673076923077
35 0.7043269230769231 0.6237980769230769 0.06129807692307692 0.10697115384615384