11 0.15144230769230768 0.3004807692307692 0.09254807692307693 0.08774038461538461
11 0.24278846153846154 0.29927884615384615 0.09375 0.09014423076923077
2 0.33413461538461536 0.30408653846153844 0.0829326923076923 0.09254807692307693
2 0.4206730769230769 0.30288461538461536 0.09615384615384616 0.08774038461538461
21 0.5084134615384616 0.30408653846153844 0.09254807692307693 0.08653846153846154
21 0.59375 0.30649038461538464 0.09254807692307693 0.08774038461538461
34 0.6826923076923077 0.3076923076923077 0.09134615384615384 0.08533653846153846
29 0.7692307692307693 0.3088942307692308 0.08173076923076923 0.08653846153846154
19 0.17427884615384615 0.5 0.10216346153846154 0.10216346153846154
29 0.2704326923076923 0.5012019230769231 0.08653846153846154 0.10096153846153846
8 0.3581730769230769 0.5024038461538461 0.0889423076923077 0.09735576923076923
34 0.4483173076923077 0.5024038461538461 0.09134615384615384 0.09975961538461539
30 0.5336538461538461 0.47475961538461536 0.09615384615384616 0.15264423076923078
30 0.6201923076923077 0.47716346153846156 0.0829326923076923 0.15144230769230768
32 0.7067307692307693 0.47596153846153844 0.0889423076923077 0.15264423076923078
32 0.7956730769230769 0.47716346153846156 0.09735576923076923 0.15384615384615385
31 0.13701923076923078 0.6959134615384616 0.09134615384615384 0.12379807692307693
11 0.23076923076923078 0.6983173076923077 0.09134615384615384 0.12259615384615384
19 0.3233173076923077 0.6971153846153846 0.09975961538461539 0.12259615384615384
6 0.41346153846153844 0.6742788461538461 0.09615384615384616 0.16947115384615385
6 0.5108173076923077 0.6730769230769231 0.1045673076923077 0.1658653846153846
4 0.6069711538461539 0.6730769230769231 0.10096153846153846 0.17548076923076922
4 0.7043269230769231 0.6754807692307693 0.09975961538461539 0.17548076923076922
33 0.8040865384615384 0.6814903846153846 0.11538461538461539 0.15264423076923078
15 0.13942307692307693 0.8774038461538461 0.09975961538461539 0.16346153846153846
25 0.2548076923076923 0.8810096153846154 0.10096153846153846 0.16706730769230768
27 0.3485576923076923 0.8846153846153846 0.09134615384615384 0.17307692307692307
4 0.44350961538461536 0.8810096153846154 0.09735576923076923 0.17067307692307693
5 0.7680288461538461 0.8677884615384616 0.09975961538461539 0.14903846153846154
5 0.6670673076923077 0.8701923076923077 0.09735576923076923 0.15264423076923078