16 0.234375 0.25721153846153844 0.056490384615384616 0.09014423076923077
16 0.2920673076923077 0.25961538461538464 0.056490384615384616 0.09134615384615384
16 0.3485576923076923 0.25841346153846156 0.05889423076923077 0.09254807692307693
16 0.35697115384615385 0.3918269230769231 0.054086538461538464 0.09134615384615384
16 0.4110576923076923 0.39302884615384615 0.055288461538461536 0.09134615384615384
2 0.40384615384615385 0.27403846153846156 0.054086538461538464 0.06490384615384616
2 0.45552884615384615 0.2764423076923077 0.051682692307692304 0.06370192307692307
2 0.5060096153846154 0.2776442307692308 0.04927884615384615 0.06490384615384616
19 0.5588942307692307 0.27524038461538464 0.046875 0.06009615384615385
19 0.609375 0.27403846153846156 0.05048076923076923 0.06129807692307692
18 0.24158653846153846 0.3894230769230769 0.06370192307692307 0.09615384615384616
18 0.30288461538461536 0.39302884615384615 0.051682692307692304 0.09495192307692307
25 0.46634615384615385 0.3918269230769231 0.054086538461538464 0.09014423076923077
25 0.5216346153846154 0.390625 0.056490384615384616 0.09375
28 0.5709134615384616 0.390625 0.042067307692307696 0.09375
28 0.6189903846153846 0.39302884615384615 0.055288461538461536 0.09254807692307693
6 0.6742788461538461 0.3942307692307692 0.054086538461538464 0.09375
32 0.7295673076923077 0.3954326923076923 0.054086538461538464 0.09735576923076923
5 0.6646634615384616 0.25721153846153844 0.054086538461538464 0.09975961538461539
5 0.7247596153846154 0.2668269230769231 0.05889423076923077 0.11778846153846154
5 0.24639423076923078 0.5204326923076923 0.06009615384615385 0.10096153846153846
5 0.3016826923076923 0.5228365384615384 0.054086538461538464 0.10697115384615384
5 0.3557692307692308 0.5192307692307693 0.055288461538461536 0.11057692307692307
5 0.41346153846153844 0.5228365384615384 0.051682692307692304 0.10817307692307693
5 0.46875 0.5216346153846154 0.054086538461538464 0.11298076923076923
5 0.5264423076923077 0.5228365384615384 0.056490384615384616 0.11538461538461539
5 0.5829326923076923 0.5204326923076923 0.054086538461538464 0.10576923076923077
5 0.6382211538461539 0.5228365384615384 0.054086538461538464 0.1141826923076923
5 0.6983173076923077 0.5240384615384616 0.06610576923076923 0.11778846153846154
5 0.24519230769230768 0.6634615384615384 0.06129807692307692 0.10216346153846154
5 0.30288461538461536 0.6646634615384616 0.046875 0.11298076923076923
5 0.3557692307692308 0.6646634615384616 0.054086538461538464 0.11538461538461539
5 0.40384615384615385 0.6634615384615384 0.054086538461538464 0.10697115384615384
5 0.45552884615384615 0.6646634615384616 0.05889423076923077 0.10576923076923077
5 0.5120192307692307 0.6670673076923077 0.04927884615384615 0.11177884615384616
5 0.5661057692307693 0.6658653846153846 0.051682692307692304 0.10576923076923077
5 0.6177884615384616 0.6670673076923077 0.04927884615384615 0.11057692307692307
5 0.6634615384615384 0.6682692307692307 0.038461538461538464 0.10336538461538461
5 0.7151442307692307 0.6742788461538461 0.05048076923076923 0.10697115384615384