18 0.21514423076923078 0.45552884615384615 0.14302884615384615 0.1971153846153846
18 0.35096153846153844 0.4579326923076923 0.1201923076923077 0.1971153846153846
18 0.4831730769230769 0.45913461538461536 0.13341346153846154 0.19110576923076922
16 0.6189903846153846 0.46274038461538464 0.125 0.18629807692307693
16 0.7524038461538461 0.4651442307692308 0.13221153846153846 0.18269230769230768
16 0.8930288461538461 0.4651442307692308 0.12740384615384615 0.19951923076923078
16 0.8425480769230769 0.8149038461538461 0.125 0.18028846153846154
16 0.7199519230769231 0.8293269230769231 0.1045673076923077 0.17548076923076922
16 0.6045673076923077 0.828125 0.11538461538461539 0.17427884615384615
16 0.4963942307692308 0.8413461538461539 0.09975961538461539 0.1658653846153846
16 0.27403846153846156 0.8377403846153846 0.12139423076923077 0.1658653846153846