6 0.04927884615384615 0.20673076923076922 0.0829326923076923 0.17067307692307693
6 0.13822115384615385 0.20793269230769232 0.08774038461538461 0.17427884615384615
6 0.22235576923076922 0.20432692307692307 0.08774038461538461 0.16826923076923078
3 0.3088942307692308 0.2091346153846154 0.08413461538461539 0.17668269230769232
3 0.39783653846153844 0.21033653846153846 0.09134615384615384 0.17668269230769232
3 0.48677884615384615 0.21033653846153846 0.0889423076923077 0.17548076923076922
3 0.5793269230769231 0.21153846153846154 0.09254807692307693 0.1814903846153846
3 0.6682692307692307 0.21033653846153846 0.08774038461538461 0.17548076923076922
3 0.7572115384615384 0.21033653846153846 0.09615384615384616 0.17908653846153846
15 0.056490384615384616 0.421875 0.08173076923076923 0.15865384615384615
15 0.13942307692307693 0.4206730769230769 0.07932692307692307 0.1622596153846154
15 0.7247596153846154 0.4338942307692308 0.08413461538461539 0.16346153846153846
15 0.8137019230769231 0.4338942307692308 0.0829326923076923 0.16706730769230768
15 0.8125 0.6322115384615384 0.08173076923076923 0.17067307692307693
15 0.47836538461538464 0.6286057692307693 0.08173076923076923 0.15504807692307693
15 0.5625 0.6298076923076923 0.078125 0.15985576923076922
15 0.6454326923076923 0.6310096153846154 0.07451923076923077 0.16466346153846154
15 0.7259615384615384 0.6346153846153846 0.08653846153846154 0.1658653846153846
6 0.2247596153846154 0.42427884615384615 0.07451923076923077 0.15625
6 0.3954326923076923 0.6286057692307693 0.0829326923076923 0.15384615384615385
20 0.3076923076923077 0.42908653846153844 0.08173076923076923 0.15985576923076922
20 0.3894230769230769 0.42788461538461536 0.08653846153846154 0.16346153846153846
20 0.4735576923076923 0.42908653846153844 0.08173076923076923 0.15745192307692307
14 0.5600961538461539 0.43149038461538464 0.07932692307692307 0.1622596153846154
30 0.6394230769230769 0.43028846153846156 0.07932692307692307 0.16826923076923078
5 0.06009615384615385 0.6213942307692307 0.09375 0.16466346153846154
5 0.14903846153846154 0.6225961538461539 0.0829326923076923 0.16346153846153846
5 0.23197115384615385 0.6225961538461539 0.08413461538461539 0.15865384615384615
5 0.3161057692307692 0.625 0.07932692307692307 0.15985576923076922
5 0.06850961538461539 0.8076923076923077 0.09375 0.15745192307692307
5 0.14903846153846154 0.8100961538461539 0.07692307692307693 0.16105769230769232
5 0.22716346153846154 0.8137019230769231 0.08774038461538461 0.15625
5 0.3173076923076923 0.8112980769230769 0.07692307692307693 0.15745192307692307
5 0.39783653846153844 0.8173076923076923 0.08173076923076923 0.16346153846153846
5 0.47836538461538464 0.8221153846153846 0.0829326923076923 0.16706730769230768
5 0.5612980769230769 0.8185096153846154 0.07932692307692307 0.15985576923076922
5 0.6454326923076923 0.8221153846153846 0.078125 0.16706730769230768
5 0.7331730769230769 0.8257211538461539 0.08413461538461539 0.1622596153846154