11 0.0985576923076923 0.18870192307692307 0.07692307692307693 0.0829326923076923
11 0.16826923076923078 0.1875 0.0733173076923077 0.08052884615384616
11 0.23317307692307693 0.18990384615384615 0.0733173076923077 0.0829326923076923
11 0.296875 0.18990384615384615 0.06610576923076923 0.07692307692307693
11 0.359375 0.19230769230769232 0.06850961538461539 0.0829326923076923
11 0.421875 0.19230769230769232 0.06610576923076923 0.07932692307692307
11 0.4831730769230769 0.19471153846153846 0.06370192307692307 0.08173076923076923
11 0.5456730769230769 0.19471153846153846 0.06370192307692307 0.08052884615384616
11 0.6069711538461539 0.1971153846153846 0.06490384615384616 0.08653846153846154
11 0.6670673076923077 0.19230769230769232 0.06610576923076923 0.07692307692307693
11 0.7271634615384616 0.19951923076923078 0.056490384615384616 0.09495192307692307
33 0.12259615384615384 0.32091346153846156 0.0733173076923077 0.12259615384615384
33 0.19471153846153846 0.31971153846153844 0.07692307692307693 0.12259615384615384
33 0.33413461538461536 0.6105769230769231 0.06370192307692307 0.11658653846153846
33 0.39783653846153844 0.6105769230769231 0.06610576923076923 0.11538461538461539
33 0.46033653846153844 0.6057692307692307 0.06490384615384616 0.1141826923076923
36 0.25961538461538464 0.33653846153846156 0.06129807692307692 0.09254807692307693
36 0.17307692307692307 0.7451923076923077 0.06370192307692307 0.09615384615384616
36 0.23197115384615385 0.7427884615384616 0.056490384615384616 0.0985576923076923
36 0.28966346153846156 0.7391826923076923 0.06370192307692307 0.0985576923076923
36 0.18389423076923078 0.8353365384615384 0.06850961538461539 0.0889423076923077
36 0.24158653846153846 0.8353365384615384 0.06370192307692307 0.09014423076923077
36 0.2980769230769231 0.8305288461538461 0.06129807692307692 0.09495192307692307
15 0.3233173076923077 0.31971153846153844 0.06490384615384616 0.1201923076923077
15 0.3858173076923077 0.32211538461538464 0.06129807692307692 0.1201923076923077
15 0.13701923076923078 0.6189903846153846 0.06610576923076923 0.1201923076923077
15 0.203125 0.6153846153846154 0.06850961538461539 0.12379807692307693
15 0.2692307692307692 0.6153846153846154 0.06610576923076923 0.12259615384615384
25 0.44591346153846156 0.3245192307692308 0.06490384615384616 0.11778846153846154
25 0.36177884615384615 0.8112980769230769 0.06370192307692307 0.11658653846153846
25 0.4230769230769231 0.8125 0.06370192307692307 0.1201923076923077
25 0.4807692307692308 0.8088942307692307 0.06850961538461539 0.11658653846153846
27 0.5492788461538461 0.8052884615384616 0.06370192307692307 0.1310096153846154
27 0.6069711538461539 0.8040865384615384 0.06129807692307692 0.12860576923076922
27 0.6682692307692307 0.7944711538461539 0.06129807692307692 0.12379807692307693
14 0.5108173076923077 0.3245192307692308 0.06009615384615385 0.11538461538461539
20 0.5757211538461539 0.3233173076923077 0.06850961538461539 0.11177884615384616
3 0.640625 0.3245192307692308 0.06490384615384616 0.11177884615384616
14 0.7043269230769231 0.3293269230769231 0.06129807692307692 0.125
5 0.13221153846153846 0.4699519230769231 0.0733173076923077 0.12740384615384615
5 0.20432692307692307 0.46875 0.07211538461538461 0.12740384615384615
5 0.2692307692307692 0.46875 0.06610576923076923 0.12259615384615384
5 0.33413461538461536 0.46634615384615385 0.06610576923076923 0.12620192307692307
14 0.3954326923076923 0.4675480769230769 0.06370192307692307 0.11057692307692307
14 0.6346153846153846 0.4651442307692308 0.06490384615384616 0.11298076923076923
32 0.5793269230769231 0.4651442307692308 0.05889423076923077 0.11298076923076923
4 0.46153846153846156 0.46634615384615385 0.06370192307692307 0.1141826923076923
4 0.5240384615384616 0.4651442307692308 0.06129807692307692 0.11658653846153846
5 0.5240384615384616 0.6021634615384616 0.06490384615384616 0.1201923076923077
5 0.5865384615384616 0.6021634615384616 0.06129807692307692 0.11658653846153846
5 0.6490384615384616 0.5961538461538461 0.06610576923076923 0.11298076923076923
3 0.6995192307692307 0.46875 0.06850961538461539 0.12259615384615384