19 0.24278846153846154 0.3076923076923077 0.06009615384615385 0.10817307692307693
19 0.30528846153846156 0.30408653846153844 0.078125 0.10576923076923077
19 0.4110576923076923 0.30528846153846156 0.06971153846153846 0.10576923076923077
19 0.47115384615384615 0.31009615384615385 0.06129807692307692 0.10576923076923077
19 0.5324519230769231 0.3112980769230769 0.06610576923076923 0.10336538461538461
19 0.59375 0.3088942307692308 0.07932692307692307 0.10216346153846154
19 0.65625 0.31009615384615385 0.06610576923076923 0.10576923076923077
19 0.7199519230769231 0.3125 0.06971153846153846 0.10216346153846154
19 0.5036057692307693 0.5108173076923077 0.06850961538461539 0.10096153846153846
19 0.5673076923076923 0.5084134615384616 0.06850961538461539 0.09735576923076923
2 0.25240384615384615 0.5096153846153846 0.06129807692307692 0.10817307692307693
2 0.31490384615384615 0.5084134615384616 0.06850961538461539 0.11057692307692307
2 0.3798076923076923 0.5108173076923077 0.06370192307692307 0.10336538461538461
2 0.4375 0.5120192307692307 0.06490384615384616 0.10336538461538461
33 0.6322115384615384 0.4951923076923077 0.06490384615384616 0.125
33 0.6947115384615384 0.4987980769230769 0.06850961538461539 0.12620192307692307
30 0.25721153846153844 0.6730769230769231 0.07211538461538461 0.14543269230769232
30 0.31971153846153844 0.6682692307692307 0.056490384615384616 0.14543269230769232
30 0.37259615384615385 0.6730769230769231 0.06009615384615385 0.14783653846153846
25 0.43149038461538464 0.6730769230769231 0.06610576923076923 0.14543269230769232
15 0.49399038461538464 0.6766826923076923 0.06009615384615385 0.12620192307692307
15 0.5492788461538461 0.6778846153846154 0.05889423076923077 0.12740384615384615
15 0.6069711538461539 0.6766826923076923 0.06490384615384616 0.125
15 0.6754807692307693 0.6790865384615384 0.06610576923076923 0.12379807692307693
5 0.27283653846153844 0.8353365384615384 0.06610576923076923 0.12980769230769232
5 0.33533653846153844 0.8329326923076923 0.06370192307692307 0.12740384615384615
5 0.3954326923076923 0.8317307692307693 0.06850961538461539 0.12740384615384615
5 0.45552884615384615 0.8317307692307693 0.06370192307692307 0.12379807692307693
25 0.5120192307692307 0.8317307692307693 0.06490384615384616 0.1310096153846154
25 0.5709134615384616 0.8353365384615384 0.06490384615384616 0.13221153846153846
25 0.6310096153846154 0.8353365384615384 0.06850961538461539 0.125