16 0.4026442307692308 0.6334134615384616 0.0889423076923077 0.1658653846153846
16 0.4891826923076923 0.6346153846153846 0.078125 0.1622596153846154
16 0.5793269230769231 0.6370192307692307 0.07692307692307693 0.16346153846153846
16 0.6598557692307693 0.6322115384615384 0.07211538461538461 0.15985576923076922
16 0.7451923076923077 0.6298076923076923 0.06610576923076923 0.1622596153846154
16 0.8377403846153846 0.6310096153846154 0.0889423076923077 0.15625
16 0.4206730769230769 0.9050480769230769 0.07451923076923077 0.13581730769230768
16 0.49399038461538464 0.90625 0.06850961538461539 0.13221153846153846
16 0.5661057692307693 0.9038461538461539 0.06971153846153846 0.13221153846153846
16 0.6394230769230769 0.9002403846153846 0.07211538461538461 0.12860576923076922
16 0.7860576923076923 0.9002403846153846 0.06370192307692307 0.13221153846153846
16 0.7115384615384616 0.9002403846153846 0.06009615384615385 0.12740384615384615