18 0.16466346153846154 0.27163461538461536 0.055288461538461536 0.12139423076923077
35 0.21754807692307693 0.28365384615384615 0.051682692307692304 0.11177884615384616
35 0.2704326923076923 0.2824519230769231 0.04927884615384615 0.11057692307692307
35 0.3173076923076923 0.2860576923076923 0.04927884615384615 0.1141826923076923
35 0.36778846153846156 0.2848557692307692 0.04567307692307692 0.11057692307692307
35 0.41586538461538464 0.2860576923076923 0.05048076923076923 0.11177884615384616
35 0.4639423076923077 0.28725961538461536 0.04927884615384615 0.11177884615384616
35 0.5144230769230769 0.28846153846153844 0.04447115384615385 0.10817307692307693
6 0.5637019230769231 0.27524038461538464 0.055288461538461536 0.12980769230769232
6 0.6189903846153846 0.2764423076923077 0.04447115384615385 0.1346153846153846
6 0.6670673076923077 0.2776442307692308 0.05048076923076923 0.12860576923076922
6 0.7223557692307693 0.27884615384615385 0.054086538461538464 0.13341346153846154
6 0.7752403846153846 0.28125 0.051682692307692304 0.13221153846153846
6 0.8293269230769231 0.2824519230769231 0.04927884615384615 0.12980769230769232
14 0.15865384615384615 0.4699519230769231 0.046875 0.13822115384615385
14 0.20552884615384615 0.46875 0.046875 0.13701923076923078
14 0.25721153846153844 0.47115384615384615 0.046875 0.13822115384615385
14 0.3076923076923077 0.4699519230769231 0.04567307692307692 0.13701923076923078
14 0.3545673076923077 0.47115384615384615 0.04927884615384615 0.13341346153846154
14 0.5096153846153846 0.4723557692307692 0.046875 0.13341346153846154
14 0.17668269230769232 0.6790865384615384 0.046875 0.13581730769230768
14 0.22235576923076922 0.6766826923076923 0.04567307692307692 0.1310096153846154
14 0.27524038461538464 0.6754807692307693 0.051682692307692304 0.125
6 0.40384615384615385 0.47475961538461536 0.051682692307692304 0.12980769230769232
6 0.45913461538461536 0.4795673076923077 0.051682692307692304 0.13701923076923078
30 0.5540865384615384 0.47475961538461536 0.037259615384615384 0.13221153846153846
30 0.5973557692307693 0.47836538461538464 0.05048076923076923 0.1346153846153846
30 0.6418269230769231 0.47716346153846156 0.04567307692307692 0.13581730769230768
30 0.6875 0.47596153846153844 0.04447115384615385 0.13221153846153846
30 0.7391826923076923 0.47716346153846156 0.046875 0.1346153846153846
30 0.7872596153846154 0.47475961538461536 0.04567307692307692 0.1346153846153846
30 0.8341346153846154 0.47716346153846156 0.042067307692307696 0.13341346153846154
30 0.3245192307692308 0.6754807692307693 0.04447115384615385 0.12259615384615384
30 0.36899038461538464 0.6766826923076923 0.042067307692307696 0.13221153846153846
30 0.41225961538461536 0.6730769230769231 0.04447115384615385 0.13221153846153846
18 0.45913461538461536 0.6790865384615384 0.046875 0.11057692307692307
18 0.5024038461538461 0.6754807692307693 0.04567307692307692 0.10697115384615384
18 0.546875 0.6742788461538461 0.046875 0.11298076923076923
33 0.59375 0.6766826923076923 0.046875 0.12139423076923077
33 0.640625 0.6766826923076923 0.042067307692307696 0.11538461538461539
33 0.6899038461538461 0.6766826923076923 0.05048076923076923 0.10576923076923077
33 0.7379807692307693 0.6790865384615384 0.04567307692307692 0.11177884615384616
33 0.7800480769230769 0.6766826923076923 0.04567307692307692 0.11057692307692307
33 0.8317307692307693 0.6754807692307693 0.054086538461538464 0.11538461538461539
20 0.1875 0.8822115384615384 0.07451923076923077 0.12379807692307693
20 0.265625 0.8846153846153846 0.0733173076923077 0.12259615384615384
20 0.3425480769230769 0.8786057692307693 0.078125 0.1201923076923077
20 0.41586538461538464 0.8810096153846154 0.06370192307692307 0.125
20 0.48677884615384615 0.8786057692307693 0.07211538461538461 0.1201923076923077
9 0.5661057692307693 0.8834134615384616 0.07451923076923077 0.12740384615384615
9 0.6358173076923077 0.8834134615384616 0.06850961538461539 0.12379807692307693
9 0.7115384615384616 0.8810096153846154 0.06971153846153846 0.12259615384615384
9 0.7824519230769231 0.8786057692307693 0.07211538461538461 0.11658653846153846