32 0.10216346153846154 0.2644230769230769 0.08774038461538461 0.15985576923076922
32 0.19110576923076922 0.2692307692307692 0.0889423076923077 0.15144230769230768
3 0.27403846153846156 0.26802884615384615 0.08653846153846154 0.14903846153846154
3 0.12139423076923077 0.47596153846153844 0.09134615384615384 0.15144230769230768
3 0.21514423076923078 0.47596153846153844 0.09375 0.15625
3 0.30408653846153844 0.47596153846153844 0.08413461538461539 0.14903846153846154
30 0.3545673076923077 0.2668269230769231 0.078125 0.1502403846153846
30 0.4326923076923077 0.2668269230769231 0.08413461538461539 0.15144230769230768
30 0.5060096153846154 0.2668269230769231 0.07932692307692307 0.15264423076923078
5 0.5913461538461539 0.26322115384615385 0.09134615384615384 0.14783653846153846
25 0.6826923076923077 0.27283653846153844 0.08774038461538461 0.14903846153846154
20 0.38341346153846156 0.47596153846153844 0.07451923076923077 0.14903846153846154
20 0.46153846153846156 0.47716346153846156 0.0889423076923077 0.14783653846153846
20 0.5456730769230769 0.4735576923076923 0.0829326923076923 0.14182692307692307
20 0.6274038461538461 0.47475961538461536 0.09134615384615384 0.14302884615384615
20 0.7091346153846154 0.47115384615384615 0.08413461538461539 0.1466346153846154
20 0.5985576923076923 0.6550480769230769 0.078125 0.14182692307692307
20 0.6790865384615384 0.65625 0.09134615384615384 0.14302884615384615
35 0.12980769230769232 0.6935096153846154 0.08173076923076923 0.1201923076923077
35 0.20673076923076922 0.6911057692307693 0.08413461538461539 0.11778846153846154
35 0.53125 0.6814903846153846 0.07932692307692307 0.1201923076923077
36 0.2932692307692308 0.6862980769230769 0.08173076923076923 0.11658653846153846
36 0.37259615384615385 0.6826923076923077 0.07932692307692307 0.12139423076923077
36 0.4495192307692308 0.6814903846153846 0.08653846153846154 0.1201923076923077
20 0.14302884615384615 0.8545673076923077 0.08774038461538461 0.12740384615384615
35 0.22115384615384615 0.8677884615384616 0.078125 0.10576923076923077
17 0.3004807692307692 0.8605769230769231 0.0889423076923077 0.11658653846153846
3 0.38341346153846156 0.8533653846153846 0.0829326923076923 0.1310096153846154
17 0.46153846153846156 0.8569711538461539 0.0733173076923077 0.12139423076923077
3 0.5384615384615384 0.8473557692307693 0.09134615384615384 0.1310096153846154
27 0.6225961538461539 0.8365384615384616 0.09134615384615384 0.13581730769230768
27 0.7067307692307693 0.8365384615384616 0.08413461538461539 0.1346153846153846