5 0.4735576923076923 0.2692307692307692 0.09975961538461539 0.19831730769230768
5 0.5769230769230769 0.26802884615384615 0.09134615384615384 0.19471153846153846
5 0.6802884615384616 0.27283653846153844 0.10576923076923077 0.19471153846153846
5 0.7884615384615384 0.2800480769230769 0.10096153846153846 0.20192307692307693
34 0.1778846153846154 0.2956730769230769 0.09615384615384616 0.12980769230769232
34 0.27524038461538464 0.3016826923076923 0.0889423076923077 0.1310096153846154
34 0.3701923076923077 0.30528846153846156 0.08173076923076923 0.125
27 0.12379807692307693 0.5060096153846154 0.0829326923076923 0.17067307692307693
30 0.20673076923076922 0.5096153846153846 0.0733173076923077 0.15865384615384615
30 0.28365384615384615 0.5132211538461539 0.0733173076923077 0.16105769230769232
30 0.36177884615384615 0.5168269230769231 0.07932692307692307 0.16105769230769232
17 0.44591346153846156 0.5204326923076923 0.09254807692307693 0.1622596153846154
19 0.5396634615384616 0.5480769230769231 0.08173076923076923 0.10697115384615384
19 0.640625 0.5540865384615384 0.08173076923076923 0.1201923076923077
19 0.7319711538461539 0.5528846153846154 0.08173076923076923 0.1141826923076923
27 0.12980769230769232 0.7163461538461539 0.08173076923076923 0.13822115384615385
27 0.21754807692307693 0.7235576923076923 0.08173076923076923 0.14182692307692307
27 0.29927884615384615 0.7211538461538461 0.07211538461538461 0.14302884615384615
27 0.3798076923076923 0.7259615384615384 0.07692307692307693 0.13701923076923078
30 0.45552884615384615 0.7271634615384616 0.07211538461538461 0.13942307692307693
30 0.5288461538461539 0.7295673076923077 0.0733173076923077 0.1466346153846154
30 0.6069711538461539 0.7331730769230769 0.07211538461538461 0.14302884615384615
33 0.6923076923076923 0.7427884615384616 0.08173076923076923 0.13221153846153846