2 0.11057692307692307 0.1658653846153846 0.07211538461538461 0.11658653846153846
2 0.18269230769230768 0.16947115384615385 0.06490384615384616 0.11298076923076923
2 0.4567307692307692 0.18389423076923078 0.06490384615384616 0.1141826923076923
2 0.32211538461538464 0.17908653846153846 0.06129807692307692 0.11778846153846154
34 0.25240384615384615 0.17307692307692307 0.06850961538461539 0.11778846153846154
22 0.38461538461538464 0.18028846153846154 0.06370192307692307 0.11538461538461539
11 0.5276442307692307 0.19110576923076922 0.06610576923076923 0.11298076923076923
11 0.5961538461538461 0.19230769230769232 0.06009615384615385 0.11057692307692307
3 0.12139423076923077 0.3713942307692308 0.078125 0.15745192307692307
25 0.19230769230769232 0.3762019230769231 0.06971153846153846 0.15745192307692307
17 0.2608173076923077 0.3870192307692308 0.06971153846153846 0.13822115384615385
15 0.33052884615384615 0.390625 0.06009615384615385 0.13822115384615385
30 0.39783653846153844 0.38461538461538464 0.06129807692307692 0.16466346153846154
30 0.4639423076923077 0.3858173076923077 0.055288461538461536 0.15985576923076922
36 0.5288461538461539 0.4098557692307692 0.056490384615384616 0.11658653846153846
36 0.5889423076923077 0.4110576923076923 0.054086538461538464 0.12139423076923077
14 0.13221153846153846 0.5757211538461539 0.07211538461538461 0.14423076923076922
14 0.20072115384615385 0.5769230769230769 0.06370192307692307 0.14903846153846154
32 0.2620192307692308 0.578125 0.055288461538461536 0.14903846153846154
32 0.453125 0.5805288461538461 0.054086538461538464 0.1502403846153846
32 0.5108173076923077 0.5817307692307693 0.051682692307692304 0.14783653846153846
32 0.5649038461538461 0.5829326923076923 0.054086538461538464 0.15264423076923078
32 0.45072115384615385 0.7596153846153846 0.054086538461538464 0.13701923076923078
32 0.5060096153846154 0.7620192307692307 0.04567307692307692 0.14543269230769232
32 0.5552884615384616 0.7620192307692307 0.04447115384615385 0.14543269230769232
6 0.3233173076923077 0.5793269230769231 0.05889423076923077 0.1502403846153846
3 0.390625 0.5817307692307693 0.06370192307692307 0.15144230769230768
27 0.13701923076923078 0.7548076923076923 0.06850961538461539 0.14423076923076922
27 0.20432692307692307 0.7548076923076923 0.06129807692307692 0.14543269230769232
27 0.2692307692307692 0.7548076923076923 0.06370192307692307 0.15144230769230768
27 0.3329326923076923 0.7572115384615384 0.06490384615384616 0.14783653846153846
27 0.39302884615384615 0.7572115384615384 0.054086538461538464 0.14423076923076922
8 0.15384615384615385 0.9134615384615384 0.054086538461538464 0.09735576923076923
8 0.20673076923076922 0.9134615384615384 0.054086538461538464 0.09975961538461539
8 0.2608173076923077 0.9146634615384616 0.046875 0.1045673076923077
8 0.31490384615384615 0.9170673076923077 0.04927884615384615 0.09735576923076923