34 0.24879807692307693 0.234375 0.078125 0.10576923076923077
34 0.3173076923076923 0.23317307692307693 0.06490384615384616 0.10817307692307693
2 0.38221153846153844 0.23317307692307693 0.06129807692307692 0.10697115384615384
2 0.44471153846153844 0.234375 0.056490384615384616 0.10817307692307693
29 0.5084134615384616 0.234375 0.06971153846153846 0.10576923076923077
19 0.5745192307692307 0.23557692307692307 0.06490384615384616 0.1045673076923077
2 0.6394230769230769 0.23317307692307693 0.055288461538461536 0.10336538461538461
2 0.6983173076923077 0.23317307692307693 0.06009615384615385 0.11057692307692307
3 0.26802884615384615 0.44350961538461536 0.06971153846153846 0.16105769230769232
5 0.3329326923076923 0.43028846153846156 0.06610576923076923 0.15144230769230768
5 0.40024038461538464 0.42908653846153844 0.06370192307692307 0.1466346153846154
5 0.46033653846153844 0.42908653846153844 0.051682692307692304 0.14543269230769232
5 0.5204326923076923 0.42788461538461536 0.06850961538461539 0.14783653846153846
3 0.5865384615384616 0.43028846153846156 0.06009615384615385 0.14302884615384615
33 0.6490384615384616 0.42908653846153844 0.06370192307692307 0.1466346153846154
33 0.6442307692307693 0.6081730769230769 0.056490384615384616 0.12259615384615384
15 0.28725961538461536 0.6237980769230769 0.06490384615384616 0.1346153846153846
15 0.3485576923076923 0.6213942307692307 0.054086538461538464 0.12860576923076922
15 0.40865384615384615 0.6189903846153846 0.06490384615384616 0.12980769230769232
15 0.4735576923076923 0.6153846153846154 0.06009615384615385 0.12860576923076922
15 0.5336538461538461 0.6141826923076923 0.055288461538461536 0.13221153846153846
15 0.5853365384615384 0.6129807692307693 0.04927884615384615 0.12620192307692307