19 0.10096153846153846 0.20192307692307693 0.09134615384615384 0.12980769230769232
19 0.19230769230769232 0.20673076923076922 0.08413461538461539 0.12740384615384615
19 0.27884615384615385 0.2091346153846154 0.07932692307692307 0.12740384615384615
2 0.7019230769230769 0.21995192307692307 0.08413461538461539 0.12379807692307693
2 0.3605769230769231 0.21033653846153846 0.07451923076923077 0.12379807692307693
2 0.44711538461538464 0.21394230769230768 0.08413461538461539 0.12860576923076922
2 0.53125 0.21514423076923078 0.07451923076923077 0.12740384615384615
2 0.6153846153846154 0.21995192307692307 0.0733173076923077 0.125
15 0.6923076923076923 0.375 0.07692307692307693 0.14302884615384615
15 0.6081730769230769 0.3762019230769231 0.078125 0.1502403846153846
15 0.5240384615384616 0.3762019230769231 0.08173076923076923 0.15144230769230768
15 0.4411057692307692 0.375 0.078125 0.1502403846153846
29 0.359375 0.39302884615384615 0.078125 0.11778846153846154
29 0.2764423076923077 0.3918269230769231 0.08173076923076923 0.1201923076923077
35 0.19471153846153846 0.38822115384615385 0.078125 0.11538461538461539
35 0.109375 0.3858173076923077 0.08413461538461539 0.1201923076923077
32 0.10216346153846154 0.5600961538461539 0.07932692307692307 0.16947115384615385
32 0.18269230769230768 0.5600961538461539 0.0733173076923077 0.16706730769230768
32 0.2620192307692308 0.5588942307692307 0.078125 0.16826923076923078
27 0.3449519230769231 0.5576923076923077 0.08653846153846154 0.18028846153846154
27 0.5192307692307693 0.5540865384615384 0.08413461538461539 0.17427884615384615
25 0.43509615384615385 0.5612980769230769 0.07932692307692307 0.16706730769230768
25 0.6021634615384616 0.5637019230769231 0.078125 0.16346153846153846
25 0.6862980769230769 0.5625 0.078125 0.15745192307692307
5 0.07692307692307693 0.7560096153846154 0.0829326923076923 0.16706730769230768
5 0.16466346153846154 0.7536057692307693 0.08653846153846154 0.1622596153846154
5 0.25 0.7512019230769231 0.0733173076923077 0.15745192307692307
5 0.33413461538461536 0.7487980769230769 0.09254807692307693 0.15865384615384615
5 0.4230769230769231 0.7463942307692307 0.08413461538461539 0.15625
5 0.5084134615384616 0.7463942307692307 0.0829326923076923 0.15264423076923078
5 0.5913461538461539 0.7451923076923077 0.07692307692307693 0.15504807692307693
5 0.671875 0.7451923076923077 0.08413461538461539 0.15144230769230768