17 0.13942307692307693 0.5348557692307693 0.1346153846153846 0.17908653846153846
17 0.26322115384615385 0.53125 0.11658653846153846 0.1778846153846154
17 0.3762019230769231 0.5276442307692307 0.13221153846153846 0.1778846153846154
17 0.4987980769230769 0.5216346153846154 0.1346153846153846 0.1814903846153846
17 0.6189903846153846 0.5180288461538461 0.11658653846153846 0.18389423076923078
17 0.7367788461538461 0.5144230769230769 0.10697115384615384 0.1814903846153846
17 0.20673076923076922 0.8088942307692307 0.1141826923076923 0.15264423076923078
17 0.3076923076923077 0.8064903846153846 0.09975961538461539 0.14903846153846154
17 0.4074519230769231 0.8040865384615384 0.09975961538461539 0.1502403846153846
17 0.5060096153846154 0.8016826923076923 0.09134615384615384 0.15264423076923078
17 0.5997596153846154 0.7980769230769231 0.10096153846153846 0.15985576923076922
17 0.6995192307692307 0.7932692307692307 0.09375 0.15264423076923078