19 0.1045673076923077 0.18028846153846154 0.10216346153846154 0.16346153846153846
11 0.21033653846153846 0.19230769230769232 0.1045673076923077 0.15745192307692307
10 0.39783653846153844 0.21153846153846154 0.08653846153846154 0.14783653846153846
2 0.48677884615384615 0.21995192307692307 0.06850961538461539 0.14182692307692307
8 0.5685096153846154 0.22596153846153846 0.08774038461538461 0.14182692307692307
31 0.6538461538461539 0.23197115384615385 0.07451923076923077 0.13341346153846154
29 0.7295673076923077 0.23918269230769232 0.0733173076923077 0.1346153846153846
15 0.09975961538461539 0.4579326923076923 0.09735576923076923 0.21394230769230768
15 0.1971153846153846 0.4735576923076923 0.0889423076923077 0.18389423076923078
17 0.28966346153846156 0.46274038461538464 0.0889423076923077 0.20192307692307693
33 0.3762019230769231 0.46274038461538464 0.07211538461538461 0.20432692307692307
33 0.45913461538461536 0.47836538461538464 0.08413461538461539 0.16947115384615385
25 0.5396634615384616 0.4675480769230769 0.08173076923076923 0.18990384615384615
20 0.6153846153846154 0.4699519230769231 0.07692307692307693 0.18509615384615385
3 0.6959134615384616 0.4675480769230769 0.08173076923076923 0.18028846153846154
30 0.0985576923076923 0.71875 0.0829326923076923 0.19471153846153846
30 0.18269230769230768 0.7163461538461539 0.07211538461538461 0.19230769230769232
32 0.25721153846153844 0.7103365384615384 0.07932692307692307 0.1875
32 0.3401442307692308 0.7091346153846154 0.06490384615384616 0.1875
22 0.40865384615384615 0.7283653846153846 0.06129807692307692 0.13221153846153846
6 0.4987980769230769 0.6971153846153846 0.08653846153846154 0.17427884615384615
14 0.5745192307692307 0.6935096153846154 0.06009615384615385 0.17307692307692307
6 0.6442307692307693 0.6887019230769231 0.0733173076923077 0.16346153846153846
5 0.14423076923076922 0.9278846153846154 0.08413461538461539 0.14302884615384615
5 0.22716346153846154 0.9230769230769231 0.078125 0.15144230769230768
5 0.30649038461538464 0.9158653846153846 0.07932692307692307 0.14783653846153846
5 0.38461538461538464 0.9098557692307693 0.0733173076923077 0.14903846153846154
5 0.46153846153846156 0.8990384615384616 0.0733173076923077 0.14903846153846154
5 0.5336538461538461 0.8870192307692307 0.06370192307692307 0.1466346153846154
5 0.6105769230769231 0.8834134615384616 0.0829326923076923 0.14182692307692307