11 0.2247596153846154 0.30288461538461536 0.0733173076923077 0.09495192307692307
13 0.29447115384615385 0.30288461538461536 0.06490384615384616 0.09735576923076923
10 0.3605769230769231 0.30288461538461536 0.06129807692307692 0.09615384615384616
2 0.4254807692307692 0.30649038461538464 0.06971153846153846 0.09254807692307693
29 0.4891826923076923 0.30528846153846156 0.06129807692307692 0.0889423076923077
19 0.5564903846153846 0.3076923076923077 0.06490384615384616 0.09375
19 0.6225961538461539 0.31009615384615385 0.06129807692307692 0.09495192307692307
29 0.6826923076923077 0.30649038461538464 0.055288461538461536 0.09375
33 0.7487980769230769 0.30528846153846156 0.06370192307692307 0.11057692307692307
15 0.2403846153846154 0.47475961538461536 0.07211538461538461 0.125
25 0.31009615384615385 0.4735576923076923 0.06490384615384616 0.12379807692307693
6 0.3762019230769231 0.47115384615384615 0.06009615384615385 0.12259615384615384
27 0.44471153846153844 0.4699519230769231 0.06610576923076923 0.13701923076923078
6 0.5108173076923077 0.47475961538461536 0.055288461538461536 0.12860576923076922
17 0.5757211538461539 0.47836538461538464 0.05889423076923077 0.12620192307692307
14 0.6394230769230769 0.47596153846153844 0.06129807692307692 0.13221153846153846
5 0.7247596153846154 0.47716346153846156 0.06971153846153846 0.12980769230769232
30 0.24278846153846154 0.6430288461538461 0.05889423076923077 0.1201923076923077
28 0.30408653846153844 0.6430288461538461 0.051682692307692304 0.11658653846153846
9 0.36177884615384615 0.6418269230769231 0.06370192307692307 0.11778846153846154
14 0.4266826923076923 0.6442307692307693 0.06009615384615385 0.12139423076923077
33 0.5625 0.6550480769230769 0.06129807692307692 0.10817307692307693
20 0.6274038461538461 0.6490384615384616 0.056490384615384616 0.12259615384615384
3 0.6947115384615384 0.6538461538461539 0.06610576923076923 0.12259615384615384