35 0.41346153846153844 0.29927884615384615 0.054086538461538464 0.08774038461538461
35 0.3581730769230769 0.3016826923076923 0.051682692307692304 0.08533653846153846
8 0.16947115384615385 0.46033653846153844 0.056490384615384616 0.06971153846153846
8 0.22235576923076922 0.46153846153846156 0.04927884615384615 0.06610576923076923
8 0.27403846153846156 0.46153846153846156 0.05048076923076923 0.0673076923076923
16 0.33052884615384615 0.44591346153846156 0.04927884615384615 0.09134615384615384
16 0.828125 0.44591346153846156 0.055288461538461536 0.09615384615384616
16 0.8846153846153846 0.44350961538461536 0.04927884615384615 0.09615384615384616
18 0.6490384615384616 0.4411057692307692 0.06009615384615385 0.10697115384615384
18 0.7067307692307693 0.4411057692307692 0.051682692307692304 0.10576923076923077
18 0.7632211538461539 0.43990384615384615 0.05048076923076923 0.1045673076923077
16 0.43028846153846156 0.44591346153846156 0.054086538461538464 0.09254807692307693
36 0.4891826923076923 0.453125 0.054086538461538464 0.08413461538461539
36 0.5396634615384616 0.4519230769230769 0.04567307692307692 0.08173076923076923
36 0.5913461538461539 0.45072115384615385 0.05048076923076923 0.0889423076923077
18 0.3786057692307692 0.5961538461538461 0.05048076923076923 0.09014423076923077
18 0.43149038461538464 0.5961538461538461 0.05048076923076923 0.09014423076923077
16 0.578125 0.59375 0.046875 0.08774038461538461
18 0.6298076923076923 0.59375 0.04447115384615385 0.08774038461538461
18 0.6778846153846154 0.5949519230769231 0.04567307692307692 0.08774038461538461
18 0.7283653846153846 0.5961538461538461 0.051682692307692304 0.09375
18 0.7800480769230769 0.59375 0.046875 0.08774038461538461
18 0.8317307692307693 0.5925480769230769 0.05048076923076923 0.08774038461538461
18 0.8834134615384616 0.59375 0.046875 0.08774038461538461
18 0.34975961538461536 0.7800480769230769 0.051682692307692304 0.09735576923076923
18 0.45072115384615385 0.7776442307692307 0.05048076923076923 0.0985576923076923
18 0.20432692307692307 0.7860576923076923 0.06009615384615385 0.08774038461538461
18 0.25 0.7860576923076923 0.04927884615384615 0.08533653846153846
18 0.2980769230769231 0.7884615384615384 0.042067307692307696 0.08653846153846154
36 0.5036057692307693 0.7920673076923077 0.04447115384615385 0.08173076923076923
36 0.546875 0.7908653846153846 0.04447115384615385 0.07572115384615384
36 0.5949519230769231 0.7884615384615384 0.04567307692307692 0.07572115384615384
36 0.640625 0.7896634615384616 0.04927884615384615 0.07932692307692307
36 0.6899038461538461 0.7872596153846154 0.04447115384615385 0.08052884615384616
36 0.7355769230769231 0.7896634615384616 0.04447115384615385 0.07692307692307693
36 0.7848557692307693 0.7860576923076923 0.04447115384615385 0.07572115384615384
36 0.8317307692307693 0.7896634615384616 0.04447115384615385 0.07932692307692307
36 0.8798076923076923 0.7884615384615384 0.051682692307692304 0.07572115384615384