2 0.12980769230769232 0.18389423076923078 0.09134615384615384 0.12860576923076922
11 0.3137019230769231 0.19230769230769232 0.08774038461538461 0.12379807692307693
11 0.40024038461538464 0.19471153846153846 0.08413461538461539 0.12379807692307693
2 0.49399038461538464 0.1935096153846154 0.08774038461538461 0.12259615384615384
2 0.5793269230769231 0.1971153846153846 0.07692307692307693 0.12860576923076922
8 0.6670673076923077 0.19831730769230768 0.0829326923076923 0.12259615384615384
8 0.75 0.20072115384615385 0.0829326923076923 0.12620192307692307
10 0.8341346153846154 0.20192307692307693 0.08173076923076923 0.12139423076923077
25 0.10336538461538461 0.3942307692307692 0.09615384615384616 0.17307692307692307
6 0.19831730769230768 0.39302884615384615 0.09735576923076923 0.17067307692307693
20 0.29447115384615385 0.39663461538461536 0.09134615384615384 0.17427884615384615
6 0.4735576923076923 0.40024038461538464 0.078125 0.17067307692307693
30 0.6442307692307693 0.39783653846153844 0.08173076923076923 0.16826923076923078
15 0.7295673076923077 0.39903846153846156 0.07932692307692307 0.16346153846153846
30 0.8088942307692307 0.40384615384615385 0.0733173076923077 0.16466346153846154
15 0.890625 0.4014423076923077 0.08774038461538461 0.17427884615384615
11 0.08413461538461539 0.6346153846153846 0.08653846153846154 0.11658653846153846
14 0.17668269230769232 0.609375 0.09134615384615384 0.17427884615384615
14 0.2704326923076923 0.6069711538461539 0.08653846153846154 0.16346153846153846
14 0.35336538461538464 0.6045673076923077 0.07932692307692307 0.14903846153846154
30 0.4362980769230769 0.6045673076923077 0.07451923076923077 0.15985576923076922
9 0.5240384615384616 0.6069711538461539 0.08173076923076923 0.15745192307692307
9 0.6081730769230769 0.6105769230769231 0.08173076923076923 0.15504807692307693
9 0.8629807692307693 0.609375 0.07692307692307693 0.16105769230769232
14 0.13942307692307693 0.8112980769230769 0.08653846153846154 0.15625
5 0.23197115384615385 0.8100961538461539 0.08774038461538461 0.16947115384615385
5 0.328125 0.8088942307692307 0.078125 0.16947115384615385
5 0.4182692307692308 0.8016826923076923 0.0829326923076923 0.16826923076923078
5 0.5048076923076923 0.8040865384615384 0.07932692307692307 0.16706730769230768
5 0.5889423076923077 0.8016826923076923 0.0829326923076923 0.16826923076923078
5 0.6850961538461539 0.8016826923076923 0.09254807692307693 0.16346153846153846
5 0.7704326923076923 0.8016826923076923 0.078125 0.16466346153846154
5 0.8533653846153846 0.8052884615384616 0.078125 0.17548076923076922