5 0.06009615384615385 0.23918269230769232 0.11057692307692307 0.27403846153846156
5 0.18509615384615385 0.23918269230769232 0.14182692307692307 0.25721153846153844
25 0.3125 0.25 0.11538461538461539 0.2403846153846154
25 0.43149038461538464 0.25841346153846156 0.12139423076923077 0.23677884615384615
25 0.5540865384615384 0.2608173076923077 0.12860576923076922 0.2403846153846154
27 0.6826923076923077 0.25600961538461536 0.12980769230769232 0.25600961538461536
27 0.8100961538461539 0.25961538461538464 0.12379807692307693 0.25
27 0.9314903846153846 0.265625 0.11538461538461539 0.2536057692307692
17 0.09735576923076923 0.5997596153846154 0.13942307692307693 0.23677884615384615
17 0.22355769230769232 0.5973557692307693 0.12139423076923077 0.23197115384615385
17 0.3425480769230769 0.5925480769230769 0.1201923076923077 0.23076923076923078
15 0.4567307692307692 0.6057692307692307 0.10697115384615384 0.20552884615384615
14 0.5637019230769231 0.5949519230769231 0.11177884615384616 0.21634615384615385
15 0.6742788461538461 0.6021634615384616 0.10216346153846154 0.18870192307692307
15 0.7740384615384616 0.6057692307692307 0.09134615384615384 0.18870192307692307
32 0.07091346153846154 0.8737980769230769 0.09615384615384616 0.20432692307692307
32 0.18509615384615385 0.8653846153846154 0.09254807692307693 0.19230769230769232
32 0.2848557692307692 0.8629807692307693 0.1045673076923077 0.1875
32 0.3786057692307692 0.8557692307692307 0.09254807692307693 0.18870192307692307
25 0.47836538461538464 0.8605769230769231 0.10697115384615384 0.1875
25 0.5793269230769231 0.8569711538461539 0.1045673076923077 0.18990384615384615
20 0.6826923076923077 0.8497596153846154 0.109375 0.1814903846153846
14 0.7908653846153846 0.8521634615384616 0.11177884615384616 0.18389423076923078