33 0.2127403846153846 0.32211538461538464 0.07211538461538461 0.1658653846153846
25 0.2860576923076923 0.32091346153846156 0.07211538461538461 0.15264423076923078
25 0.35336538461538464 0.3233173076923077 0.06490384615384616 0.14783653846153846
25 0.4254807692307692 0.3245192307692308 0.078125 0.1466346153846154
11 0.49038461538461536 0.3545673076923077 0.06009615384615385 0.0985576923076923
11 0.5516826923076923 0.3557692307692308 0.06009615384615385 0.0985576923076923
11 0.6177884615384616 0.3557692307692308 0.06850961538461539 0.09735576923076923
20 0.19591346153846154 0.5360576923076923 0.07692307692307693 0.14423076923076922
20 0.28125 0.5324519230769231 0.08173076923076923 0.14543269230769232
15 0.3557692307692308 0.5300480769230769 0.06850961538461539 0.14543269230769232
17 0.42788461538461536 0.5288461538461539 0.06850961538461539 0.14302884615384615
17 0.4963942307692308 0.5288461538461539 0.06490384615384616 0.14903846153846154
33 0.5625 0.5264423076923077 0.07211538461538461 0.14543269230769232
33 0.6274038461538461 0.5264423076923077 0.06370192307692307 0.14543269230769232
5 0.20192307692307693 0.7259615384615384 0.08413461538461539 0.15144230769230768
5 0.2764423076923077 0.7139423076923077 0.06850961538461539 0.15625
5 0.3425480769230769 0.7067307692307693 0.06129807692307692 0.15264423076923078
5 0.40024038461538464 0.6995192307692307 0.056490384615384616 0.15865384615384615
5 0.46634615384615385 0.6983173076923077 0.07211538461538461 0.14903846153846154
5 0.5348557692307693 0.6911057692307693 0.06490384615384616 0.13822115384615385
5 0.6021634615384616 0.6899038461538461 0.06610576923076923 0.13822115384615385