19 0.14783653846153846 0.24158653846153846 0.13942307692307693 0.15504807692307693
19 0.2848557692307692 0.2403846153846154 0.12379807692307693 0.15264423076923078
19 0.41586538461538464 0.23677884615384615 0.1201923076923077 0.14182692307692307
29 0.5576923076923077 0.23677884615384615 0.11658653846153846 0.1502403846153846
29 0.6826923076923077 0.23557692307692307 0.11538461538461539 0.16105769230769232
29 0.8173076923076923 0.23197115384615385 0.10697115384615384 0.14783653846153846
29 0.9387019230769231 0.24278846153846154 0.11057692307692307 0.1658653846153846
30 0.07211538461538461 0.47716346153846156 0.13221153846153846 0.19831730769230768
30 0.19471153846153846 0.4723557692307692 0.109375 0.18990384615384615
15 0.30528846153846156 0.4735576923076923 0.11177884615384616 0.18028846153846154
5 0.4254807692307692 0.4675480769230769 0.12139423076923077 0.1935096153846154
20 0.5492788461538461 0.4639423076923077 0.10697115384615384 0.1935096153846154
20 0.6598557692307693 0.45913461538461536 0.10216346153846154 0.18870192307692307
30 0.7860576923076923 0.45913461538461536 0.09615384615384616 0.1935096153846154
30 0.890625 0.45913461538461536 0.09735576923076923 0.19591346153846154
30 0.11177884615384616 0.7007211538461539 0.109375 0.16706730769230768
30 0.21754807692307693 0.6983173076923077 0.09975961538461539 0.16826923076923078
30 0.3161057692307692 0.6923076923076923 0.09975961538461539 0.16947115384615385
30 0.41586538461538464 0.6911057692307693 0.09735576923076923 0.16346153846153846
28 0.5108173076923077 0.6850961538461539 0.09134615384615384 0.1622596153846154
20 0.6117788461538461 0.6850961538461539 0.09735576923076923 0.1658653846153846
20 0.71875 0.6814903846153846 0.09375 0.16466346153846154
20 0.8269230769230769 0.6778846153846154 0.09615384615384616 0.16105769230769232
20 0.16466346153846154 0.8870192307692307 0.09615384615384616 0.13221153846153846
20 0.2704326923076923 0.8834134615384616 0.09735576923076923 0.125