19 0.10216346153846154 0.07572115384615384 0.06490384615384616 0.10817307692307693
19 0.1658653846153846 0.07572115384615384 0.06490384615384616 0.11658653846153846
19 0.23197115384615385 0.07692307692307693 0.06610576923076923 0.11778846153846154
2 0.2980769230769231 0.07932692307692307 0.06009615384615385 0.11658653846153846
10 0.36538461538461536 0.07451923076923077 0.06850961538461539 0.12259615384615384
10 0.4338942307692308 0.07932692307692307 0.06850961538461539 0.125
10 0.5060096153846154 0.07692307692307693 0.06370192307692307 0.1201923076923077
29 0.5757211538461539 0.08052884615384616 0.07211538461538461 0.12740384615384615
29 0.6454326923076923 0.08173076923076923 0.06129807692307692 0.1310096153846154
33 0.11298076923076923 0.3233173076923077 0.06971153846153846 0.16826923076923078
33 0.18629807692307693 0.32572115384615385 0.0733173076923077 0.17427884615384615
33 0.25721153846153844 0.32572115384615385 0.07451923076923077 0.17427884615384615
33 0.3329326923076923 0.3317307692307692 0.06971153846153846 0.17427884615384615
14 0.4050480769230769 0.3329326923076923 0.07211538461538461 0.1778846153846154
14 0.47475961538461536 0.3293269230769231 0.055288461538461536 0.18028846153846154
14 0.5444711538461539 0.33774038461538464 0.06850961538461539 0.1875
30 0.6105769230769231 0.33774038461538464 0.06971153846153846 0.18389423076923078
6 0.09735576923076923 0.6069711538461539 0.07451923076923077 0.1814903846153846
6 0.17427884615384615 0.6057692307692307 0.07692307692307693 0.17067307692307693
6 0.24519230769230768 0.6105769230769231 0.078125 0.17548076923076922
6 0.32091346153846156 0.6129807692307693 0.078125 0.1778846153846154
6 0.3918269230769231 0.6177884615384616 0.06850961538461539 0.18509615384615385
6 0.4675480769230769 0.6177884615384616 0.07692307692307693 0.17668269230769232
6 0.5396634615384616 0.6225961538461539 0.06850961538461539 0.18028846153846154
6 0.6105769230769231 0.6225961538461539 0.06610576923076923 0.16826923076923078
5 0.08653846153846154 0.8581730769230769 0.08413461538461539 0.19230769230769232
5 0.16466346153846154 0.8545673076923077 0.06850961538461539 0.19110576923076922
5 0.23557692307692307 0.8617788461538461 0.078125 0.18389423076923078
5 0.3076923076923077 0.8617788461538461 0.07211538461538461 0.18509615384615385
5 0.3762019230769231 0.8677884615384616 0.0733173076923077 0.18870192307692307
5 0.45552884615384615 0.8774038461538461 0.06971153846153846 0.19591346153846154
5 0.5288461538461539 0.8798076923076923 0.06129807692307692 0.19471153846153846
5 0.5973557692307693 0.8858173076923077 0.06610576923076923 0.19110576923076922