4 0.2439903846153846 0.18269230769230768 0.078125 0.125
4 0.3125 0.18870192307692307 0.0733173076923077 0.12860576923076922
4 0.38100961538461536 0.18990384615384615 0.06370192307692307 0.12379807692307693
4 0.44591346153846156 0.1935096153846154 0.06850961538461539 0.12620192307692307
4 0.5096153846153846 0.19591346153846154 0.06370192307692307 0.125
10 0.5709134615384616 0.20072115384615385 0.06129807692307692 0.11899038461538461
10 0.6322115384615384 0.20192307692307693 0.06490384615384616 0.11899038461538461
2 0.6971153846153846 0.20673076923076922 0.06370192307692307 0.1201923076923077
2 0.7572115384615384 0.20552884615384615 0.06370192307692307 0.11899038461538461
2 0.8173076923076923 0.2091346153846154 0.06370192307692307 0.11538461538461539
14 0.22235576923076922 0.3713942307692308 0.0733173076923077 0.17427884615384615
14 0.29086538461538464 0.3701923076923077 0.07211538461538461 0.16466346153846154
9 0.3581730769230769 0.375 0.07211538461538461 0.1622596153846154
9 0.4254807692307692 0.3762019230769231 0.0733173076923077 0.1622596153846154
33 0.4891826923076923 0.3858173076923077 0.06129807692307692 0.14302884615384615
33 0.5504807692307693 0.38461538461538464 0.06610576923076923 0.13942307692307693
6 0.6153846153846154 0.3762019230769231 0.06610576923076923 0.1502403846153846
6 0.671875 0.38100961538461536 0.06610576923076923 0.15504807692307693
6 0.734375 0.37740384615384615 0.07211538461538461 0.15264423076923078
6 0.8004807692307693 0.3798076923076923 0.07211538461538461 0.15504807692307693
20 0.22596153846153846 0.5793269230769231 0.06850961538461539 0.15865384615384615
20 0.2932692307692308 0.5757211538461539 0.06850961538461539 0.15504807692307693
5 0.35697115384615385 0.5733173076923077 0.0733173076923077 0.15745192307692307
5 0.4254807692307692 0.5733173076923077 0.06850961538461539 0.15745192307692307
5 0.4891826923076923 0.5721153846153846 0.06610576923076923 0.15504807692307693
5 0.5516826923076923 0.5745192307692307 0.06610576923076923 0.15985576923076922
5 0.6141826923076923 0.5709134615384616 0.06610576923076923 0.15264423076923078
5 0.6742788461538461 0.5697115384615384 0.056490384615384616 0.1502403846153846
5 0.7307692307692307 0.5709134615384616 0.06009615384615385 0.15264423076923078
15 0.23317307692307693 0.7632211538461539 0.06610576923076923 0.13942307692307693
15 0.2932692307692308 0.7596153846153846 0.06009615384615385 0.13822115384615385
15 0.35096153846153844 0.7560096153846154 0.06370192307692307 0.13341346153846154
15 0.40865384615384615 0.7536057692307693 0.06490384615384616 0.1346153846153846
30 0.47475961538461536 0.7463942307692307 0.055288461538461536 0.14543269230769232
30 0.5240384615384616 0.7451923076923077 0.046875 0.13942307692307693
30 0.5709134615384616 0.7439903846153846 0.04927884615384615 0.14302884615384615
30 0.6237980769230769 0.7415865384615384 0.055288461538461536 0.1466346153846154
30 0.6766826923076923 0.7367788461538461 0.05889423076923077 0.13581730769230768
30 0.7319711538461539 0.7403846153846154 0.055288461538461536 0.13341346153846154