19 0.23557692307692307 0.23557692307692307 0.06490384615384616 0.09495192307692307
19 0.3004807692307692 0.24158653846153846 0.06490384615384616 0.09975961538461539
2 0.3641826923076923 0.24158653846153846 0.06129807692307692 0.0985576923076923
2 0.43028846153846156 0.24278846153846154 0.06370192307692307 0.10096153846153846
2 0.4963942307692308 0.24158653846153846 0.06129807692307692 0.09495192307692307
2 0.4074519230769231 0.4362980769230769 0.05048076923076923 0.07572115384615384
29 0.5612980769230769 0.24519230769230768 0.06370192307692307 0.09615384615384616
34 0.6310096153846154 0.24519230769230768 0.06129807692307692 0.09735576923076923
34 0.6947115384615384 0.24639423076923078 0.06009615384615385 0.09495192307692307
34 0.5120192307692307 0.43149038461538464 0.055288461538461536 0.08774038461538461
34 0.5697115384615384 0.43149038461538464 0.056490384615384616 0.08533653846153846
34 0.6274038461538461 0.4326923076923077 0.054086538461538464 0.09254807692307693
34 0.6826923076923077 0.4338942307692308 0.054086538461538464 0.08533653846153846
30 0.2512019230769231 0.5877403846153846 0.06009615384615385 0.1466346153846154
30 0.31009615384615385 0.5853365384615384 0.05048076923076923 0.13822115384615385
32 0.3629807692307692 0.5889423076923077 0.056490384615384616 0.13341346153846154
28 0.421875 0.5853365384615384 0.05048076923076923 0.1346153846153846
17 0.47716346153846156 0.5961538461538461 0.054086538461538464 0.11658653846153846
17 0.5408653846153846 0.5925480769230769 0.056490384615384616 0.12379807692307693
5 0.6081730769230769 0.5829326923076923 0.05889423076923077 0.14182692307692307
5 0.6694711538461539 0.5829326923076923 0.05889423076923077 0.13701923076923078
20 0.4519230769230769 0.7932692307692307 0.078125 0.1971153846153846
3 0.2776442307692308 0.7944711538461539 0.08774038461538461 0.21033653846153846
3 0.36899038461538464 0.7956730769230769 0.078125 0.20793269230769232
33 0.5396634615384616 0.8161057692307693 0.07451923076923077 0.1658653846153846
33 0.6346153846153846 0.8137019230769231 0.078125 0.16346153846153846