27 0.49158653846153844 0.07091346153846154 0.0889423076923077 0.14182692307692307
27 0.6646634615384616 0.5925480769230769 0.07451923076923077 0.13942307692307693
27 0.7475961538461539 0.5913461538461539 0.07692307692307693 0.13221153846153846
19 0.028846153846153848 0.20673076923076922 0.057692307692307696 0.11538461538461539
19 0.09975961538461539 0.20793269230769232 0.08173076923076923 0.1201923076923077
2 0.2620192307692308 0.20552884615384615 0.08173076923076923 0.11658653846153846
2 0.3473557692307692 0.20673076923076922 0.08653846153846154 0.11177884615384616
2 0.42788461538461536 0.2091346153846154 0.0829326923076923 0.12139423076923077
18 0.8305288461538461 0.6021634615384616 0.06971153846153846 0.125
18 0.9050480769230769 0.6021634615384616 0.06610576923076923 0.12740384615384615
5 0.9711538461538461 0.59375 0.054086538461538464 0.14302884615384615
5 0.9326923076923077 0.8653846153846154 0.10216346153846154 0.19471153846153846
9 0.8293269230769231 0.8689903846153846 0.1045673076923077 0.1971153846153846
9 0.7223557692307693 0.8689903846153846 0.10096153846153846 0.19591346153846154
9 0.6117788461538461 0.8689903846153846 0.10697115384615384 0.1971153846153846
9 0.4963942307692308 0.8689903846153846 0.10576923076923077 0.20072115384615385
12 0.38461538461538464 0.8737980769230769 0.109375 0.19831730769230768
3 0.27283653846153844 0.8725961538461539 0.10216346153846154 0.19110576923076922
20 0.16466346153846154 0.8762019230769231 0.11057692307692307 0.19951923076923078
20 0.051682692307692304 0.8798076923076923 0.10336538461538461 0.20192307692307693