16 0.25600961538461536 0.4831730769230769 0.109375 0.1622596153846154
16 0.3641826923076923 0.4855769230769231 0.1045673076923077 0.15625
16 0.4723557692307692 0.4879807692307692 0.10216346153846154 0.15745192307692307
16 0.578125 0.48677884615384615 0.09975961538461539 0.15865384615384615
16 0.6790865384615384 0.4855769230769231 0.09375 0.15985576923076922
16 0.7920673076923077 0.4855769230769231 0.10697115384615384 0.15985576923076922
16 0.26802884615384615 0.765625 0.08653846153846154 0.12139423076923077
16 0.36177884615384615 0.7632211538461539 0.09615384615384616 0.12740384615384615
16 0.4543269230769231 0.7632211538461539 0.07932692307692307 0.12740384615384615
16 0.5444711538461539 0.7644230769230769 0.09254807692307693 0.12860576923076922
16 0.6394230769230769 0.7644230769230769 0.08173076923076923 0.1201923076923077
16 0.7247596153846154 0.7632211538461539 0.0829326923076923 0.1346153846153846