19 0.265625 0.38221153846153844 0.07451923076923077 0.11778846153846154
19 0.3425480769230769 0.3798076923076923 0.08173076923076923 0.1201923076923077
11 0.42427884615384615 0.3786057692307692 0.08173076923076923 0.12139423076923077
11 0.5036057692307693 0.375 0.09254807692307693 0.11298076923076923
15 0.5901442307692307 0.3605769230769231 0.08774038461538461 0.14302884615384615
15 0.6694711538461539 0.3581730769230769 0.07932692307692307 0.1466346153846154
33 0.75 0.3605769230769231 0.08774038461538461 0.15144230769230768
17 0.8317307692307693 0.3485576923076923 0.0889423076923077 0.15865384615384615
32 0.2776442307692308 0.5661057692307693 0.06009615384615385 0.14783653846153846
32 0.3401442307692308 0.5637019230769231 0.06971153846153846 0.15144230769230768
32 0.41225961538461536 0.5600961538461539 0.0733173076923077 0.14423076923076922
30 0.47836538461538464 0.5600961538461539 0.0733173076923077 0.14423076923076922
30 0.5492788461538461 0.5588942307692307 0.078125 0.14903846153846154
30 0.6165865384615384 0.5564903846153846 0.06971153846153846 0.1502403846153846
3 0.6899038461538461 0.5540865384615384 0.07451923076923077 0.1466346153846154
3 0.765625 0.5552884615384616 0.07451923076923077 0.14903846153846154
3 0.8293269230769231 0.5516826923076923 0.06490384615384616 0.14543269230769232
3 0.29086538461538464 0.7487980769230769 0.06490384615384616 0.1346153846153846
3 0.5036057692307693 0.7367788461538461 0.07451923076923077 0.1310096153846154
3 0.5745192307692307 0.7355769230769231 0.07211538461538461 0.13822115384615385
3 0.6442307692307693 0.7355769230769231 0.07932692307692307 0.13221153846153846
3 0.7175480769230769 0.7319711538461539 0.06971153846153846 0.13221153846153846
3 0.7956730769230769 0.7295673076923077 0.08173076923076923 0.12740384615384615
20 0.3605769230769231 0.7463942307692307 0.078125 0.13701923076923078
14 0.43509615384615385 0.7427884615384616 0.06610576923076923 0.13701923076923078