5 0.2932692307692308 0.4831730769230769 0.06971153846153846 0.11658653846153846
5 0.3629807692307692 0.47836538461538464 0.06129807692307692 0.11538461538461539
5 0.4266826923076923 0.47716346153846156 0.06009615384615385 0.11298076923076923
5 0.48677884615384615 0.47716346153846156 0.05889423076923077 0.11177884615384616
5 0.5492788461538461 0.47596153846153844 0.054086538461538464 0.11298076923076923
5 0.6069711538461539 0.47596153846153844 0.056490384615384616 0.11538461538461539
5 0.6754807692307693 0.4723557692307692 0.06610576923076923 0.11538461538461539
5 0.35336538461538464 0.6947115384615384 0.13822115384615385 0.18629807692307693
5 0.47596153846153844 0.7043269230769231 0.09254807692307693 0.15384615384615385
5 0.5721153846153846 0.703125 0.0889423076923077 0.16346153846153846
5 0.6622596153846154 0.7019230769230769 0.078125 0.15504807692307693
16 0.8112980769230769 0.4831730769230769 0.05889423076923077 0.10817307692307693
16 0.8701923076923077 0.4807692307692308 0.051682692307692304 0.11177884615384616
16 0.9278846153846154 0.4807692307692308 0.056490384615384616 0.11057692307692307
16 0.7848557692307693 0.7295673076923077 0.046875 0.11298076923076923
16 0.8389423076923077 0.7319711538461539 0.04927884615384615 0.11177884615384616
16 0.8894230769230769 0.7295673076923077 0.051682692307692304 0.11658653846153846
16 0.9423076923076923 0.7295673076923077 0.05048076923076923 0.11298076923076923