16 0.2848557692307692 0.3401442307692308 0.07932692307692307 0.1466346153846154
16 0.36778846153846156 0.3389423076923077 0.08173076923076923 0.14423076923076922
16 0.44471153846153844 0.3425480769230769 0.07932692307692307 0.1466346153846154
16 0.5264423076923077 0.3389423076923077 0.08173076923076923 0.14182692307692307
16 0.6021634615384616 0.3389423076923077 0.0733173076923077 0.15384615384615385
16 0.6754807692307693 0.3389423076923077 0.07692307692307693 0.14182692307692307
16 0.2956730769230769 0.6995192307692307 0.07451923076923077 0.15264423076923078
16 0.36778846153846156 0.7007211538461539 0.06850961538461539 0.14903846153846154
16 0.44350961538461536 0.6995192307692307 0.07932692307692307 0.14903846153846154
16 0.5240384615384616 0.6995192307692307 0.06490384615384616 0.14903846153846154
16 0.5961538461538461 0.703125 0.07211538461538461 0.1466346153846154
16 0.6730769230769231 0.7007211538461539 0.078125 0.1502403846153846