10 0.2608173076923077 0.06850961538461539 0.06009615384615385 0.10576923076923077
8 0.33052884615384615 0.0733173076923077 0.07211538461538461 0.10817307692307693
8 0.39783653846153844 0.07692307692307693 0.06370192307692307 0.10817307692307693
29 0.46875 0.08413461538461539 0.06009615384615385 0.11057692307692307
29 0.6310096153846154 0.09975961538461539 0.05889423076923077 0.10336538461538461
2 0.1971153846153846 0.30528846153846156 0.06129807692307692 0.10216346153846154
2 0.2644230769230769 0.30528846153846156 0.06610576923076923 0.10576923076923077
13 0.33052884615384615 0.3112980769230769 0.06129807692307692 0.10576923076923077
8 0.39663461538461536 0.31490384615384615 0.06129807692307692 0.1045673076923077
13 0.46153846153846156 0.31850961538461536 0.05889423076923077 0.1045673076923077
19 0.5252403846153846 0.32091346153846156 0.05889423076923077 0.0985576923076923
8 0.5889423076923077 0.3269230769230769 0.056490384615384616 0.0985576923076923
29 0.6598557692307693 0.3317307692307692 0.06129807692307692 0.10096153846153846
30 0.1935096153846154 0.49278846153846156 0.05889423076923077 0.15865384615384615
30 0.25721153846153844 0.49759615384615385 0.055288461538461536 0.15745192307692307
20 0.31850961538461536 0.5 0.05889423076923077 0.15504807692307693
33 0.3858173076923077 0.4987980769230769 0.06610576923076923 0.1466346153846154
25 0.4567307692307692 0.5036057692307693 0.06129807692307692 0.1466346153846154
17 0.5240384615384616 0.5048076923076923 0.06490384615384616 0.14903846153846154
27 0.6033653846153846 0.5012019230769231 0.06129807692307692 0.15865384615384615
33 0.2800480769230769 0.6766826923076923 0.0733173076923077 0.125
33 0.35096153846153844 0.6766826923076923 0.06129807692307692 0.125
33 0.4182692307692308 0.6778846153846154 0.06009615384615385 0.12740384615384615
27 0.4855769230769231 0.6754807692307693 0.06370192307692307 0.12740384615384615
27 0.5516826923076923 0.6730769230769231 0.06610576923076923 0.125
27 0.6237980769230769 0.6694711538461539 0.06490384615384616 0.12259615384615384