2 0.23677884615384615 0.1935096153846154 0.06610576923076923 0.1502403846153846
2 0.30528846153846156 0.20072115384615385 0.0829326923076923 0.13581730769230768
33 0.390625 0.21033653846153846 0.08774038461538461 0.13701923076923078
33 0.47115384615384615 0.21634615384615385 0.078125 0.12620192307692307
33 0.5456730769230769 0.22355769230769232 0.06610576923076923 0.12740384615384615
11 0.6141826923076923 0.23197115384615385 0.07211538461538461 0.12259615384615384
11 0.6790865384615384 0.23557692307692307 0.06009615384615385 0.11658653846153846
11 0.7331730769230769 0.24158653846153846 0.05889423076923077 0.10576923076923077
5 0.23076923076923078 0.4362980769230769 0.055288461538461536 0.20072115384615385
5 0.30288461538461536 0.43509615384615385 0.0889423076923077 0.1935096153846154
5 0.38822115384615385 0.4362980769230769 0.0829326923076923 0.1875
5 0.4639423076923077 0.4362980769230769 0.07211538461538461 0.18269230769230768
5 0.5336538461538461 0.4362980769230769 0.0733173076923077 0.17668269230769232
5 0.5973557692307693 0.4387019230769231 0.06971153846153846 0.17668269230769232
5 0.23076923076923078 0.6742788461538461 0.07451923076923077 0.19471153846153846
5 0.3076923076923077 0.6658653846153846 0.0829326923076923 0.19230769230769232
5 0.38221153846153844 0.6598557692307693 0.06850961538461539 0.18269230769230768
5 0.4483173076923077 0.6550480769230769 0.06971153846153846 0.17427884615384615
5 0.5108173076923077 0.6454326923076923 0.06850961538461539 0.1622596153846154
5 0.22115384615384615 0.8846153846153846 0.05889423076923077 0.16706730769230768
5 0.2848557692307692 0.8725961538461539 0.078125 0.1622596153846154
5 0.3605769230769231 0.8581730769230769 0.06610576923076923 0.15745192307692307
5 0.4254807692307692 0.8485576923076923 0.06490384615384616 0.15144230769230768
5 0.4891826923076923 0.8365384615384616 0.06129807692307692 0.14423076923076922
5 0.5540865384615384 0.8257211538461539 0.06370192307692307 0.13581730769230768
5 0.6177884615384616 0.8185096153846154 0.055288461538461536 0.14182692307692307
29 0.6670673076923077 0.46634615384615385 0.078125 0.10336538461538461
17 0.5769230769230769 0.6454326923076923 0.06370192307692307 0.15985576923076922
17 0.6394230769230769 0.6418269230769231 0.06370192307692307 0.15384615384615385