19 0.07692307692307693 0.28365384615384615 0.0829326923076923 0.15504807692307693
19 0.15504807692307693 0.2776442307692308 0.07451923076923077 0.15264423076923078
19 0.23557692307692307 0.2776442307692308 0.078125 0.15264423076923078
19 0.31490384615384615 0.27403846153846156 0.07692307692307693 0.1466346153846154
19 0.38822115384615385 0.2776442307692308 0.06610576923076923 0.12980769230769232
19 0.45552884615384615 0.2764423076923077 0.06009615384615385 0.12980769230769232
19 0.5216346153846154 0.27403846153846156 0.06009615384615385 0.125
19 0.5889423076923077 0.2704326923076923 0.06490384615384616 0.12620192307692307
19 0.6514423076923077 0.2704326923076923 0.054086538461538464 0.12379807692307693
19 0.7151442307692307 0.2692307692307692 0.051682692307692304 0.12259615384615384
19 0.7752403846153846 0.26322115384615385 0.046875 0.11899038461538461
19 0.8353365384615384 0.25721153846153844 0.04567307692307692 0.1201923076923077
19 0.9002403846153846 0.2548076923076923 0.06850961538461539 0.12139423076923077
19 0.96875 0.25240384615384615 0.04927884615384615 0.11658653846153846
19 0.38100961538461536 0.1310096153846154 0.06610576923076923 0.15745192307692307
19 0.45552884615384615 0.13221153846153846 0.06971153846153846 0.1466346153846154
19 0.5288461538461539 0.1310096153846154 0.0733173076923077 0.14182692307692307
19 0.6105769230769231 0.13221153846153846 0.06971153846153846 0.13701923076923078
19 0.6826923076923077 0.12980769230769232 0.056490384615384616 0.13581730769230768
19 0.7548076923076923 0.13221153846153846 0.07211538461538461 0.12980769230769232
9 0.046875 0.5084134615384616 0.0829326923076923 0.1466346153846154
9 0.125 0.5024038461538461 0.078125 0.13701923076923078
32 0.21033653846153846 0.5096153846153846 0.06490384615384616 0.15745192307692307
32 0.2776442307692308 0.5048076923076923 0.06370192307692307 0.1622596153846154
30 0.35336538461538464 0.4963942307692308 0.06129807692307692 0.1622596153846154
30 0.4110576923076923 0.49158653846153844 0.055288461538461536 0.16346153846153846
30 0.4699519230769231 0.48197115384615385 0.04567307692307692 0.16105769230769232
30 0.5288461538461539 0.4831730769230769 0.051682692307692304 0.15745192307692307
30 0.5817307692307693 0.4735576923076923 0.040865384615384616 0.15745192307692307
30 0.6334134615384616 0.4699519230769231 0.05048076923076923 0.14903846153846154
27 0.3076923076923077 0.6814903846153846 0.05889423076923077 0.10817307692307693
27 0.3701923076923077 0.6766826923076923 0.056490384615384616 0.11778846153846154
27 0.4338942307692308 0.6694711538461539 0.06370192307692307 0.12259615384615384
27 0.4951923076923077 0.6598557692307693 0.054086538461538464 0.1141826923076923
27 0.5564903846153846 0.6574519230769231 0.056490384615384616 0.12740384615384615
18 0.6141826923076923 0.6502403846153846 0.04927884615384615 0.11899038461538461
18 0.671875 0.6466346153846154 0.056490384615384616 0.11899038461538461
12 0.17668269230769232 0.8990384615384616 0.0889423076923077 0.16346153846153846
12 0.265625 0.8870192307692307 0.08173076923076923 0.15985576923076922
12 0.35216346153846156 0.8713942307692307 0.08653846153846154 0.15504807692307693
12 0.4387019230769231 0.8713942307692307 0.0733173076923077 0.16105769230769232
12 0.6045673076923077 0.8329326923076923 0.06971153846153846 0.15504807692307693
12 0.6826923076923077 0.8149038461538461 0.07211538461538461 0.1310096153846154
14 0.5192307692307693 0.8497596153846154 0.07451923076923077 0.15865384615384615