29 0.17067307692307693 0.30528846153846156 0.08413461538461539 0.09014423076923077
29 0.24879807692307693 0.30408653846153844 0.07211538461538461 0.08533653846153846
29 0.32572115384615385 0.3004807692307692 0.07692307692307693 0.08413461538461539
29 0.40024038461538464 0.3004807692307692 0.07692307692307693 0.08413461538461539
2 0.4735576923076923 0.3016826923076923 0.06850961538461539 0.08533653846153846
2 0.5444711538461539 0.2956730769230769 0.06009615384615385 0.0829326923076923
2 0.6117788461538461 0.2980769230769231 0.06610576923076923 0.08413461538461539
2 0.6826923076923077 0.2980769230769231 0.06490384615384616 0.0733173076923077
2 0.46033653846153844 0.4675480769230769 0.06490384615384616 0.06971153846153846
2 0.5240384615384616 0.4651442307692308 0.06490384615384616 0.07692307692307693
2 0.5853365384615384 0.4639423076923077 0.05889423076923077 0.07572115384615384
2 0.6466346153846154 0.46274038461538464 0.05889423076923077 0.06971153846153846
13 0.18990384615384615 0.47716346153846156 0.07211538461538461 0.07932692307692307
13 0.25721153846153844 0.4735576923076923 0.06610576923076923 0.07692307692307693
13 0.328125 0.4699519230769231 0.06971153846153846 0.07692307692307693
13 0.3942307692307692 0.47115384615384615 0.06009615384615385 0.07451923076923077
19 0.27283653846153844 0.6105769230769231 0.06850961538461539 0.06971153846153846
19 0.4651442307692308 0.5985576923076923 0.06129807692307692 0.07451923076923077
27 0.21634615384615385 0.7307692307692307 0.07451923076923077 0.11778846153846154
27 0.28846153846153844 0.7283653846153846 0.06610576923076923 0.11778846153846154
27 0.3557692307692308 0.7223557692307693 0.06850961538461539 0.10576923076923077
27 0.4254807692307692 0.7175480769230769 0.06009615384615385 0.11057692307692307
27 0.48677884615384615 0.7175480769230769 0.06610576923076923 0.11538461538461539
15 0.5480769230769231 0.7175480769230769 0.051682692307692304 0.0985576923076923
15 0.6370192307692307 0.7163461538461539 0.055288461538461536 0.09254807692307693
5 0.22596153846153846 0.8653846153846154 0.06490384615384616 0.0985576923076923
5 0.2956730769230769 0.8617788461538461 0.06610576923076923 0.10336538461538461
5 0.3557692307692308 0.8545673076923077 0.05889423076923077 0.10697115384615384
5 0.4206730769230769 0.8521634615384616 0.06850961538461539 0.10336538461538461
5 0.49759615384615385 0.8449519230769231 0.06129807692307692 0.10576923076923077
5 0.5637019230769231 0.8401442307692307 0.056490384615384616 0.0985576923076923
5 0.6286057692307693 0.8341346153846154 0.06610576923076923 0.09975961538461539