5 0.07451923076923077 0.8834134615384616 0.14903846153846154 0.19230769230769232
5 0.25961538461538464 0.7896634615384616 0.13942307692307693 0.1814903846153846
5 0.46634615384615385 0.7932692307692307 0.13942307692307693 0.1658653846153846
5 0.6237980769230769 0.7908653846153846 0.12860576923076922 0.16706730769230768
5 0.7668269230769231 0.7752403846153846 0.13221153846153846 0.1778846153846154
5 0.15264423076923078 0.5528846153846154 0.11658653846153846 0.14903846153846154
5 0.27283653846153844 0.5528846153846154 0.1141826923076923 0.14182692307692307
5 0.3918269230769231 0.5757211538461539 0.10697115384615384 0.09735576923076923
5 0.5012019230769231 0.5528846153846154 0.1045673076923077 0.14423076923076922
5 0.6045673076923077 0.5516826923076923 0.1141826923076923 0.14543269230769232
5 0.7175480769230769 0.5528846153846154 0.10576923076923077 0.13942307692307693
5 0.828125 0.5504807692307693 0.11057692307692307 0.14182692307692307
5 0.1658653846153846 0.37259615384615385 0.11658653846153846 0.14543269230769232
5 0.2800480769230769 0.3798076923076923 0.1045673076923077 0.13701923076923078
5 0.38341346153846156 0.3786057692307692 0.10216346153846154 0.13942307692307693
5 0.4879807692307692 0.38100961538461536 0.09735576923076923 0.13942307692307693
5 0.5913461538461539 0.3786057692307692 0.10216346153846154 0.14302884615384615
5 0.6959134615384616 0.375 0.1045673076923077 0.1346153846153846
5 0.8040865384615384 0.375 0.10216346153846154 0.1346153846153846