15 0.171875 0.23798076923076922 0.09975961538461539 0.18028846153846154
15 0.3425480769230769 0.23677884615384615 0.09615384615384616 0.17307692307692307
15 0.671875 0.2439903846153846 0.08653846153846154 0.17427884615384615
15 0.2776442307692308 0.44711538461538464 0.09735576923076923 0.14783653846153846
15 0.34975961538461536 0.4483173076923077 0.07451923076923077 0.15384615384615385
15 0.6418269230769231 0.45552884615384615 0.08173076923076923 0.15504807692307693
15 0.7199519230769231 0.45552884615384615 0.0829326923076923 0.15504807692307693
31 0.26322115384615385 0.234375 0.09134615384615384 0.17908653846153846
17 0.4230769230769231 0.2403846153846154 0.0829326923076923 0.17548076923076922
17 0.5012019230769231 0.23677884615384615 0.09254807692307693 0.17908653846153846
17 0.5913461538461539 0.2403846153846154 0.0829326923076923 0.17668269230769232
33 0.7548076923076923 0.2439903846153846 0.08653846153846154 0.1778846153846154
33 0.4362980769230769 0.6286057692307693 0.078125 0.1346153846153846
33 0.5048076923076923 0.6286057692307693 0.07692307692307693 0.13581730769230768
20 0.19831730769230768 0.45072115384615385 0.09134615384615384 0.15625
20 0.4879807692307692 0.4519230769230769 0.078125 0.14903846153846154
20 0.5649038461538461 0.45552884615384615 0.07692307692307693 0.15625
30 0.4182692307692308 0.45072115384615385 0.078125 0.15625
30 0.5721153846153846 0.6237980769230769 0.06009615384615385 0.13581730769230768
30 0.6995192307692307 0.6298076923076923 0.06971153846153846 0.13341346153846154
25 0.21754807692307693 0.6237980769230769 0.078125 0.13942307692307693
25 0.2920673076923077 0.6237980769230769 0.08653846153846154 0.1310096153846154
27 0.3641826923076923 0.6237980769230769 0.07211538461538461 0.14182692307692307
3 0.6358173076923077 0.625 0.07211538461538461 0.1346153846153846
5 0.234375 0.7704326923076923 0.08413461538461539 0.11057692307692307
5 0.33052884615384615 0.7692307692307693 0.07692307692307693 0.10817307692307693
5 0.4579326923076923 0.7692307692307693 0.0733173076923077 0.1141826923076923
5 0.3942307692307692 0.7704326923076923 0.0733173076923077 0.11538461538461539
5 0.5288461538461539 0.7692307692307693 0.0829326923076923 0.10817307692307693
5 0.6033653846153846 0.7716346153846154 0.07451923076923077 0.10697115384615384
5 0.6730769230769231 0.7716346153846154 0.06490384615384616 0.10817307692307693