16 0.17548076923076922 0.4338942307692308 0.14903846153846154 0.21634615384615385
16 0.3173076923076923 0.4338942307692308 0.12740384615384615 0.21514423076923078
16 0.453125 0.43149038461538464 0.12740384615384615 0.2091346153846154
16 0.5913461538461539 0.43028846153846156 0.11899038461538461 0.2091346153846154
16 0.7211538461538461 0.42788461538461536 0.11899038461538461 0.20552884615384615
16 0.8569711538461539 0.4230769230769231 0.12379807692307693 0.2091346153846154
16 0.171875 0.8197115384615384 0.09975961538461539 0.1502403846153846
16 0.27524038461538464 0.8161057692307693 0.10697115384615384 0.1466346153846154
16 0.3858173076923077 0.8173076923076923 0.10697115384615384 0.14423076923076922
18 0.5420673076923077 0.7980769230769231 0.10576923076923077 0.16346153846153846
18 0.6574519230769231 0.7980769230769231 0.09735576923076923 0.15865384615384615
18 0.7704326923076923 0.7944711538461539 0.09375 0.15264423076923078