29 0.11177884615384616 0.2704326923076923 0.09375 0.09735576923076923
29 0.19951923076923078 0.27163461538461536 0.08774038461538461 0.09735576923076923
29 0.28365384615384615 0.27403846153846156 0.08653846153846154 0.09735576923076923
29 0.36899038461538464 0.27524038461538464 0.08173076923076923 0.10216346153846154
29 0.453125 0.27884615384615385 0.0829326923076923 0.09495192307692307
29 0.5336538461538461 0.27884615384615385 0.08173076923076923 0.09615384615384616
29 0.6153846153846154 0.27884615384615385 0.09254807692307693 0.10216346153846154
29 0.703125 0.2824519230769231 0.09254807692307693 0.10096153846153846
2 0.1141826923076923 0.47596153846153844 0.09134615384615384 0.09495192307692307
2 0.19951923076923078 0.4831730769230769 0.08173076923076923 0.10336538461538461
11 0.2848557692307692 0.4855769230769231 0.08774038461538461 0.10216346153846154
11 0.3605769230769231 0.4855769230769231 0.08413461538461539 0.10096153846153846
34 0.44350961538461536 0.4855769230769231 0.0829326923076923 0.10576923076923077
34 0.5228365384615384 0.4879807692307692 0.0829326923076923 0.10576923076923077
34 0.6045673076923077 0.4879807692307692 0.07692307692307693 0.10096153846153846
34 0.6850961538461539 0.49278846153846156 0.0829326923076923 0.1045673076923077
36 0.11658653846153846 0.6598557692307693 0.07692307692307693 0.1201923076923077
36 0.19230769230769232 0.6658653846153846 0.07211538461538461 0.12620192307692307
36 0.2704326923076923 0.6694711538461539 0.08413461538461539 0.12259615384615384
36 0.3485576923076923 0.6706730769230769 0.0733173076923077 0.12860576923076922
36 0.4230769230769231 0.671875 0.08413461538461539 0.1310096153846154
36 0.4963942307692308 0.6742788461538461 0.078125 0.12620192307692307
36 0.5745192307692307 0.6766826923076923 0.08173076923076923 0.12860576923076922
36 0.6514423076923077 0.6766826923076923 0.08413461538461539 0.13341346153846154
5 0.10576923076923077 0.8221153846153846 0.09375 0.1310096153846154
5 0.1935096153846154 0.8245192307692307 0.08413461538461539 0.12740384615384615
5 0.6646634615384616 0.8377403846153846 0.08413461538461539 0.13221153846153846
30 0.2704326923076923 0.8269230769230769 0.06490384615384616 0.13221153846153846
30 0.3473557692307692 0.8341346153846154 0.07932692307692307 0.1346153846153846
30 0.43509615384615385 0.8365384615384616 0.06971153846153846 0.13942307692307693
30 0.5132211538461539 0.8389423076923077 0.07451923076923077 0.13221153846153846
30 0.5829326923076923 0.8389423076923077 0.06971153846153846 0.13942307692307693