21 0.21995192307692307 0.25600961538461536 0.0733173076923077 0.07572115384615384
21 0.2932692307692308 0.2548076923076923 0.06490384615384616 0.08052884615384616
19 0.36538461538461536 0.2536057692307692 0.06490384615384616 0.06850961538461539
19 0.4338942307692308 0.2512019230769231 0.06610576923076923 0.08413461538461539
2 0.5 0.25240384615384615 0.06009615384615385 0.06971153846153846
2 0.5637019230769231 0.24759615384615385 0.07451923076923077 0.07572115384615384
2 0.6358173076923077 0.2439903846153846 0.07211538461538461 0.07091346153846154
10 0.25 0.4206730769230769 0.06370192307692307 0.07211538461538461
10 0.3161057692307692 0.421875 0.06370192307692307 0.07572115384615384
7 0.3870192307692308 0.4206730769230769 0.07211538461538461 0.07692307692307693
20 0.5240384615384616 0.3918269230769231 0.06490384615384616 0.12620192307692307
6 0.5925480769230769 0.3954326923076923 0.0733173076923077 0.11778846153846154
27 0.671875 0.3858173076923077 0.07211538461538461 0.12980769230769232
36 0.7319711538461539 0.40625 0.06370192307692307 0.09495192307692307
14 0.25240384615384615 0.5745192307692307 0.06490384615384616 0.12740384615384615
14 0.32091346153846156 0.5721153846153846 0.06850961538461539 0.125
18 0.4639423076923077 0.5721153846153846 0.0733173076923077 0.12139423076923077
6 0.5372596153846154 0.5697115384615384 0.06971153846153846 0.12139423076923077
5 0.6117788461538461 0.5637019230769231 0.07211538461538461 0.12980769230769232
5 0.7427884615384616 0.5612980769230769 0.06370192307692307 0.12620192307692307
5 0.6790865384615384 0.5637019230769231 0.055288461538461536 0.12259615384615384
9 0.609375 0.7487980769230769 0.109375 0.1875
20 0.4987980769230769 0.7524038461538461 0.09375 0.18870192307692307
5 0.7247596153846154 0.7475961538461539 0.1201923076923077 0.18028846153846154