10 0.06370192307692307 0.1502403846153846 0.08173076923076923 0.08653846153846154
10 0.14182692307692307 0.15384615384615385 0.08173076923076923 0.0889423076923077
10 0.21995192307692307 0.15745192307692307 0.08413461538461539 0.0889423076923077
10 0.29447115384615385 0.16466346153846154 0.07451923076923077 0.0985576923076923
10 0.3701923076923077 0.16466346153846154 0.07932692307692307 0.09134615384615384
10 0.44471153846153844 0.16706730769230768 0.07932692307692307 0.09375
10 0.5084134615384616 0.16947115384615385 0.06009615384615385 0.08653846153846154
10 0.5745192307692307 0.171875 0.07211538461538461 0.08413461538461539
13 0.06850961538461539 0.33774038461538464 0.07451923076923077 0.09254807692307693
13 0.14182692307692307 0.3401442307692308 0.07451923076923077 0.08413461538461539
13 0.2127403846153846 0.34134615384615385 0.0733173076923077 0.08653846153846154
13 0.2824519230769231 0.3425480769230769 0.0733173076923077 0.08413461538461539
8 0.35096153846153844 0.34615384615384615 0.07211538461538461 0.09014423076923077
8 0.07211538461538461 0.5012019230769231 0.07692307692307693 0.08653846153846154
8 0.1466346153846154 0.5024038461538461 0.07211538461538461 0.08533653846153846
8 0.3425480769230769 0.6478365384615384 0.06610576923076923 0.07572115384615384
8 0.40625 0.6514423076923077 0.06610576923076923 0.07692307692307693
8 0.46875 0.6502403846153846 0.05889423076923077 0.07451923076923077
8 0.5252403846153846 0.6514423076923077 0.06850961538461539 0.07692307692307693
31 0.4206730769230769 0.3485576923076923 0.06850961538461539 0.08653846153846154
11 0.48677884615384615 0.35096153846153844 0.06610576923076923 0.08653846153846154
11 0.3581730769230769 0.5084134615384616 0.06971153846153846 0.08533653846153846
11 0.4254807692307692 0.5096153846153846 0.06370192307692307 0.08413461538461539
11 0.4879807692307692 0.5084134615384616 0.06850961538461539 0.0829326923076923
11 0.546875 0.5108173076923077 0.06009615384615385 0.08052884615384616
19 0.21995192307692307 0.5048076923076923 0.06971153846153846 0.0889423076923077
19 0.29086538461538464 0.5060096153846154 0.07211538461538461 0.08653846153846154
19 0.08052884615384616 0.6418269230769231 0.06971153846153846 0.06971153846153846
19 0.14543269230769232 0.6394230769230769 0.06370192307692307 0.07451923076923077
19 0.21033653846153846 0.6430288461538461 0.06971153846153846 0.07692307692307693
19 0.2764423076923077 0.6430288461538461 0.06850961538461539 0.07692307692307693
11 0.5588942307692307 0.34975961538461536 0.07451923076923077 0.09014423076923077