16 0.19951923076923078 0.2848557692307692 0.17908653846153846 0.2692307692307692
16 0.052884615384615384 0.2848557692307692 0.09615384615384616 0.25961538461538464
16 0.3762019230769231 0.2824519230769231 0.17067307692307693 0.2608173076923077
16 0.5661057692307693 0.2860576923076923 0.16466346153846154 0.25961538461538464
16 0.7283653846153846 0.2824519230769231 0.14903846153846154 0.2620192307692308
16 0.9110576923076923 0.28966346153846156 0.1658653846153846 0.2668269230769231
16 0.11538461538461539 0.7800480769230769 0.14302884615384615 0.2091346153846154
16 0.2548076923076923 0.7860576923076923 0.12860576923076922 0.20673076923076922
16 0.38341346153846156 0.7860576923076923 0.12740384615384615 0.21033653846153846
16 0.5649038461538461 0.7896634615384616 0.14182692307692307 0.19951923076923078
16 0.7103365384615384 0.7908653846153846 0.125 0.2127403846153846
16 0.8449519230769231 0.7920673076923077 0.12740384615384615 0.22115384615384615
16 0.5949519230769231 0.5793269230769231 0.09735576923076923 0.14302884615384615
16 0.7103365384615384 0.5769230769230769 0.10576923076923077 0.15144230769230768
16 0.8353365384615384 0.5697115384615384 0.10576923076923077 0.13221153846153846
16 0.22596153846153846 0.5685096153846154 0.11057692307692307 0.14783653846153846
16 0.34375 0.5697115384615384 0.09254807692307693 0.1502403846153846
16 0.45552884615384615 0.5721153846153846 0.10697115384615384 0.15144230769230768