13 0.2548076923076923 0.18870192307692307 0.07932692307692307 0.12740384615384615
13 0.3762019230769231 0.19591346153846154 0.07211538461538461 0.125
10 0.5192307692307693 0.20793269230769232 0.051682692307692304 0.11177884615384616
10 0.5817307692307693 0.20793269230769232 0.07451923076923077 0.11778846153846154
10 0.65625 0.20673076923076922 0.06971153846153846 0.11658653846153846
19 0.7295673076923077 0.21514423076923078 0.07211538461538461 0.11778846153846154
19 0.8028846153846154 0.21995192307692307 0.06490384615384616 0.11658653846153846
36 0.25961538461538464 0.44591346153846156 0.07211538461538461 0.13581730769230768
35 0.33774038461538464 0.44711538461538464 0.07451923076923077 0.1346153846153846
33 0.41346153846153844 0.4362980769230769 0.06610576923076923 0.15144230769230768
14 0.4891826923076923 0.42788461538461536 0.0733173076923077 0.17067307692307693
20 0.5588942307692307 0.43028846153846156 0.06610576923076923 0.16826923076923078
15 0.6334134615384616 0.4326923076923077 0.06971153846153846 0.16466346153846154
30 0.703125 0.43149038461538464 0.06610576923076923 0.17548076923076922
30 0.7704326923076923 0.43149038461538464 0.06490384615384616 0.17307692307692307
14 0.2620192307692308 0.6550480769230769 0.07451923076923077 0.16706730769230768
30 0.33413461538461536 0.6550480769230769 0.06610576923076923 0.17427884615384615
30 0.40384615384615385 0.6526442307692307 0.056490384615384616 0.17668269230769232
36 0.47115384615384615 0.6730769230769231 0.06370192307692307 0.12980769230769232
3 0.5372596153846154 0.6478365384615384 0.054086538461538464 0.16346153846153846
3 0.6021634615384616 0.6514423076923077 0.07211538461538461 0.1622596153846154
5 0.6742788461538461 0.6466346153846154 0.06850961538461539 0.16826923076923078
17 0.7427884615384616 0.6490384615384616 0.06370192307692307 0.15625
30 0.27403846153846156 0.8665865384615384 0.06370192307692307 0.16466346153846154
20 0.3425480769230769 0.8605769230769231 0.06490384615384616 0.15985576923076922
27 0.41225961538461536 0.8605769230769231 0.06009615384615385 0.1658653846153846
14 0.4879807692307692 0.8569711538461539 0.06850961538461539 0.15504807692307693
14 0.5600961538461539 0.8569711538461539 0.06370192307692307 0.16346153846153846
36 0.6322115384615384 0.8665865384615384 0.06009615384615385 0.12860576923076922
36 0.7019230769230769 0.8629807692307693 0.06129807692307692 0.12980769230769232