27 0.24639423076923078 0.1622596153846154 0.0733173076923077 0.1814903846153846
27 0.3125 0.16346153846153846 0.06971153846153846 0.18389423076923078
27 0.3798076923076923 0.16826923076923078 0.06370192307692307 0.18870192307692307
27 0.44350961538461536 0.16947115384615385 0.06490384615384616 0.19471153846153846
27 0.5108173076923077 0.17067307692307693 0.0733173076923077 0.18870192307692307
27 0.5817307692307693 0.16826923076923078 0.0733173076923077 0.18870192307692307
27 0.6502403846153846 0.17427884615384615 0.06490384615384616 0.19471153846153846
27 0.7175480769230769 0.17067307692307693 0.07211538461538461 0.1971153846153846
27 0.6057692307692307 0.6225961538461539 0.06370192307692307 0.15865384615384615
27 0.671875 0.6274038461538461 0.06370192307692307 0.15865384615384615
27 0.2776442307692308 0.7584134615384616 0.05889423076923077 0.14302884615384615
27 0.3317307692307692 0.7644230769230769 0.05889423076923077 0.13221153846153846
27 0.38341346153846156 0.7680288461538461 0.05048076923076923 0.14302884615384615
27 0.42788461538461536 0.7752403846153846 0.04447115384615385 0.13341346153846154
27 0.4807692307692308 0.7908653846153846 0.054086538461538464 0.14302884615384615
27 0.5384615384615384 0.7944711538461539 0.05048076923076923 0.14182692307692307
27 0.59375 0.8028846153846154 0.06490384615384616 0.1502403846153846
27 0.65625 0.8125 0.06009615384615385 0.14783653846153846
5 0.2668269230769231 0.5973557692307693 0.051682692307692304 0.14543269230769232
5 0.31850961538461536 0.6021634615384616 0.05889423076923077 0.14783653846153846
5 0.3762019230769231 0.6045673076923077 0.05889423076923077 0.14302884615384615
5 0.43149038461538464 0.609375 0.06009615384615385 0.14423076923076922
5 0.4891826923076923 0.6129807692307693 0.06370192307692307 0.13822115384615385
5 0.5480769230769231 0.6177884615384616 0.06129807692307692 0.14302884615384615
25 0.2548076923076923 0.4050480769230769 0.06490384615384616 0.15264423076923078
25 0.31490384615384615 0.40865384615384615 0.06009615384615385 0.15384615384615385
25 0.3713942307692308 0.4110576923076923 0.06370192307692307 0.15504807692307693
25 0.42788461538461536 0.41225961538461536 0.06370192307692307 0.15625
25 0.4879807692307692 0.41586538461538464 0.06850961538461539 0.15504807692307693
25 0.5516826923076923 0.41947115384615385 0.06129807692307692 0.15264423076923078
25 0.6117788461538461 0.4206730769230769 0.06370192307692307 0.15264423076923078
25 0.6814903846153846 0.42427884615384615 0.07211538461538461 0.16346153846153846