22 0.2247596153846154 0.3581730769230769 0.06129807692307692 0.14302884615384615
22 0.28966346153846156 0.35697115384615385 0.06850961538461539 0.13942307692307693
22 0.3641826923076923 0.3581730769230769 0.07451923076923077 0.14182692307692307
22 0.43990384615384615 0.3581730769230769 0.06971153846153846 0.14302884615384615
22 0.5108173076923077 0.3605769230769231 0.06610576923076923 0.14302884615384615
22 0.5901442307692307 0.3629807692307692 0.06490384615384616 0.1346153846153846
22 0.6730769230769231 0.3605769230769231 0.07211538461538461 0.13341346153846154
22 0.75 0.3629807692307692 0.07211538461538461 0.13701923076923078
25 0.23798076923076922 0.5444711538461539 0.06971153846153846 0.17668269230769232
11 0.3076923076923077 0.5733173076923077 0.06850961538461539 0.12860576923076922
29 0.3737980769230769 0.5709134615384616 0.06850961538461539 0.12620192307692307
8 0.4411057692307692 0.5697115384615384 0.06490384615384616 0.12860576923076922
22 0.5168269230769231 0.5697115384615384 0.06490384615384616 0.125
30 0.5853365384615384 0.5396634615384616 0.05889423076923077 0.16947115384615385
2 0.6466346153846154 0.5697115384615384 0.05889423076923077 0.12740384615384615
2 0.7211538461538461 0.5697115384615384 0.06610576923076923 0.12379807692307693
10 0.4387019230769231 0.7463942307692307 0.06009615384615385 0.11658653846153846
29 0.6141826923076923 0.7512019230769231 0.05889423076923077 0.1141826923076923
2 0.30288461538461536 0.9350961538461539 0.06610576923076923 0.10216346153846154
2 0.36538461538461536 0.9338942307692307 0.05889423076923077 0.10576923076923077
10 0.4963942307692308 0.9278846153846154 0.06129807692307692 0.10576923076923077
10 0.7403846153846154 0.7475961538461539 0.05048076923076923 0.11538461538461539