13 0.4014423076923077 0.23317307692307693 0.09134615384615384 0.13822115384615385
2 0.4987980769230769 0.2283653846153846 0.09975961538461539 0.13701923076923078
19 0.5949519230769231 0.2283653846153846 0.08413461538461539 0.12980769230769232
19 0.6899038461538461 0.23076923076923078 0.09375 0.12980769230769232
20 0.14302884615384615 0.45072115384615385 0.06490384615384616 0.20793269230769232
20 0.24278846153846154 0.4362980769230769 0.09975961538461539 0.18629807692307693
25 0.34615384615384615 0.43149038461538464 0.1045673076923077 0.1778846153846154
19 0.4543269230769231 0.43028846153846156 0.09254807692307693 0.18389423076923078
3 0.5492788461538461 0.42788461538461536 0.08413461538461539 0.18028846153846154
33 0.6995192307692307 0.41947115384615385 0.07692307692307693 0.17548076923076922
15 0.7956730769230769 0.41346153846153844 0.08774038461538461 0.16346153846153846
10 0.23317307692307693 0.7139423076923077 0.0889423076923077 0.12620192307692307
28 0.3112980769230769 0.6658653846153846 0.06370192307692307 0.16466346153846154
28 0.39302884615384615 0.6622596153846154 0.07692307692307693 0.1658653846153846
30 0.5216346153846154 0.6466346153846154 0.07692307692307693 0.16346153846153846
30 0.5961538461538461 0.6370192307692307 0.06370192307692307 0.16105769230769232
27 0.6694711538461539 0.6213942307692307 0.07932692307692307 0.15745192307692307
27 0.7572115384615384 0.6153846153846154 0.0733173076923077 0.1658653846153846
5 0.2127403846153846 0.8918269230769231 0.09615384615384616 0.15384615384615385
5 0.35096153846153844 0.8641826923076923 0.09615384615384616 0.15985576923076922
5 0.4411057692307692 0.8473557692307693 0.07451923076923077 0.14783653846153846
5 0.5180288461538461 0.8329326923076923 0.06370192307692307 0.15144230769230768
5 0.5901442307692307 0.8209134615384616 0.06850961538461539 0.15144230769230768
5 0.6694711538461539 0.8125 0.07211538461538461 0.14302884615384615
5 0.7536057692307693 0.7980769230769231 0.0733173076923077 0.13221153846153846