8 0.2608173076923077 0.17908653846153846 0.0829326923076923 0.1310096153846154
8 0.34375 0.18389423076923078 0.07932692307692307 0.13701923076923078
29 0.4326923076923077 0.18870192307692307 0.08774038461538461 0.13942307692307693
31 0.5072115384615384 0.19591346153846154 0.05889423076923077 0.125
31 0.5793269230769231 0.19230769230769232 0.078125 0.13341346153846154
27 0.7355769230769231 0.16466346153846154 0.08653846153846154 0.21634615384615385
30 0.0733173076923077 0.4879807692307692 0.08173076923076923 0.23076923076923078
9 0.1622596153846154 0.49399038461538464 0.0889423076923077 0.22716346153846154
14 0.25841346153846156 0.49399038461538464 0.078125 0.2247596153846154
14 0.34615384615384615 0.49759615384615385 0.078125 0.22115384615384615
3 0.4375 0.4987980769230769 0.08413461538461539 0.21995192307692307
15 0.5264423076923077 0.5060096153846154 0.0829326923076923 0.21514423076923078
25 0.6117788461538461 0.5060096153846154 0.07692307692307693 0.21153846153846154
27 0.7139423076923077 0.4963942307692308 0.08173076923076923 0.21754807692307693
6 0.09375 0.7944711538461539 0.06971153846153846 0.2127403846153846
30 0.16466346153846154 0.8040865384615384 0.06370192307692307 0.22716346153846154
32 0.23918269230769232 0.8064903846153846 0.07451923076923077 0.21875
28 0.3076923076923077 0.8040865384615384 0.06009615384615385 0.21754807692307693
15 0.3701923076923077 0.8076923076923077 0.06850961538461539 0.21514423076923078
20 0.4519230769230769 0.8112980769230769 0.07451923076923077 0.21394230769230768
33 0.5336538461538461 0.8161057692307693 0.078125 0.22716346153846154
33 0.609375 0.8040865384615384 0.06610576923076923 0.21514423076923078
15 0.6826923076923077 0.8004807692307693 0.0733173076923077 0.21033653846153846