5 0.20192307692307693 0.29927884615384615 0.10216346153846154 0.16826923076923078
5 0.3016826923076923 0.29927884615384615 0.10576923076923077 0.16947115384615385
5 0.39783653846153844 0.29927884615384615 0.10216346153846154 0.16947115384615385
5 0.49158653846153844 0.2980769230769231 0.11057692307692307 0.17067307692307693
5 0.5925480769230769 0.3004807692307692 0.109375 0.16947115384615385
5 0.6899038461538461 0.3004807692307692 0.09975961538461539 0.17067307692307693
5 0.7860576923076923 0.29927884615384615 0.10576923076923077 0.16947115384615385
5 0.28966346153846156 0.7824519230769231 0.07932692307692307 0.11057692307692307
5 0.36899038461538464 0.7836538461538461 0.08173076923076923 0.10697115384615384
5 0.4483173076923077 0.7836538461538461 0.0829326923076923 0.11057692307692307
33 0.21394230769230768 0.5024038461538461 0.0889423076923077 0.12379807692307693
33 0.30288461538461536 0.49158653846153844 0.08413461538461539 0.1346153846153846
14 0.38341346153846156 0.49399038461538464 0.08173076923076923 0.14302884615384615
14 0.4675480769230769 0.49158653846153844 0.08653846153846154 0.13701923076923078
14 0.5504807692307693 0.49278846153846156 0.0829326923076923 0.13701923076923078
14 0.6286057692307693 0.49278846153846156 0.0829326923076923 0.14182692307692307
30 0.7067307692307693 0.49278846153846156 0.07692307692307693 0.14182692307692307
30 0.7860576923076923 0.49158653846153844 0.07692307692307693 0.14423076923076922
30 0.5492788461538461 0.6502403846153846 0.07451923076923077 0.11778846153846154
30 0.625 0.6490384615384616 0.0733173076923077 0.11658653846153846
30 0.6971153846153846 0.6490384615384616 0.0829326923076923 0.1141826923076923
30 0.7668269230769231 0.6502403846153846 0.06610576923076923 0.11538461538461539
15 0.2403846153846154 0.6538461538461539 0.07451923076923077 0.1141826923076923
15 0.31490384615384615 0.6526442307692307 0.08413461538461539 0.11177884615384616
15 0.3894230769230769 0.6538461538461539 0.07692307692307693 0.10817307692307693
15 0.4651442307692308 0.6538461538461539 0.08413461538461539 0.10697115384615384
14 0.5360576923076923 0.7824519230769231 0.07451923076923077 0.0985576923076923
14 0.6117788461538461 0.7824519230769231 0.07692307692307693 0.09975961538461539
14 0.6826923076923077 0.7836538461538461 0.07692307692307693 0.10216346153846154
14 0.7548076923076923 0.7848557692307693 0.07211538461538461 0.09375