27 0.31490384615384615 0.27524038461538464 0.054086538461538464 0.12379807692307693
25 0.3641826923076923 0.28365384615384615 0.04567307692307692 0.11658653846153846
2 0.4110576923076923 0.30288461538461536 0.042067307692307696 0.08052884615384616
2 0.45072115384615385 0.30408653846153844 0.04447115384615385 0.07451923076923077
2 0.4963942307692308 0.30649038461538464 0.042067307692307696 0.07572115384615384
2 0.5360576923076923 0.30649038461538464 0.038461538461538464 0.0733173076923077
2 0.578125 0.30649038461538464 0.037259615384615384 0.07451923076923077
2 0.6177884615384616 0.30649038461538464 0.038461538461538464 0.07091346153846154
2 0.6598557692307693 0.3076923076923077 0.04567307692307692 0.07451923076923077
2 0.7043269230769231 0.3088942307692308 0.042067307692307696 0.0733173076923077
2 0.37259615384615385 0.5757211538461539 0.042067307692307696 0.06850961538461539
2 0.41225961538461536 0.5769230769230769 0.03365384615384615 0.07211538461538461
2 0.4483173076923077 0.5733173076923077 0.036057692307692304 0.07091346153846154
2 0.49158653846153844 0.578125 0.040865384615384616 0.07091346153846154
2 0.5360576923076923 0.5757211538461539 0.03365384615384615 0.07091346153846154
2 0.5745192307692307 0.5745192307692307 0.036057692307692304 0.06971153846153846
2 0.6141826923076923 0.5745192307692307 0.042067307692307696 0.06850961538461539
2 0.6550480769230769 0.5757211538461539 0.03245192307692308 0.06850961538461539
2 0.6911057692307693 0.5757211538461539 0.036057692307692304 0.06971153846153846
2 0.6153846153846154 0.6983173076923077 0.040865384615384616 0.07451923076923077
2 0.6526442307692307 0.6983173076923077 0.03125 0.07572115384615384
2 0.6899038461538461 0.6983173076923077 0.038461538461538464 0.06610576923076923
19 0.36538461538461536 0.4423076923076923 0.042067307692307696 0.08052884615384616
19 0.40865384615384615 0.44471153846153844 0.036057692307692304 0.07572115384615384
19 0.44591346153846156 0.44350961538461536 0.037259615384615384 0.07451923076923077
19 0.49399038461538464 0.44471153846153844 0.04447115384615385 0.0733173076923077
19 0.5384615384615384 0.44591346153846156 0.04447115384615385 0.07091346153846154
19 0.5793269230769231 0.44471153846153844 0.03245192307692308 0.06850961538461539
19 0.6201923076923077 0.44591346153846156 0.04447115384615385 0.07211538461538461
19 0.6670673076923077 0.44471153846153844 0.042067307692307696 0.0673076923076923
19 0.7043269230769231 0.4495192307692308 0.03245192307692308 0.06610576923076923
19 0.48677884615384615 0.6959134615384616 0.037259615384615384 0.07692307692307693
19 0.5264423076923077 0.6971153846153846 0.03245192307692308 0.07572115384615384
19 0.5661057692307693 0.6971153846153846 0.042067307692307696 0.07572115384615384
19 0.36899038461538464 0.8245192307692307 0.038461538461538464 0.08173076923076923
19 0.4074519230769231 0.8233173076923077 0.04447115384615385 0.07572115384615384
19 0.44711538461538464 0.8233173076923077 0.036057692307692304 0.07692307692307693
19 0.4891826923076923 0.8209134615384616 0.042067307692307696 0.08052884615384616
19 0.53125 0.8245192307692307 0.040865384615384616 0.07932692307692307
19 0.5685096153846154 0.8233173076923077 0.036057692307692304 0.08052884615384616
5 0.31490384615384615 0.41947115384615385 0.05048076923076923 0.1201923076923077
5 0.32211538461538464 0.5552884615384616 0.04927884615384615 0.11298076923076923
5 0.3173076923076923 0.6875 0.046875 0.09735576923076923
5 0.3233173076923077 0.8112980769230769 0.042067307692307696 0.11298076923076923