34 0.1502403846153846 0.31971153846153844 0.0889423076923077 0.1141826923076923
26 0.23798076923076922 0.32572115384615385 0.08774038461538461 0.11658653846153846
8 0.3233173076923077 0.3269230769230769 0.0829326923076923 0.11778846153846154
13 0.40625 0.3317307692307692 0.078125 0.11057692307692307
29 0.49038461538461536 0.33533653846153844 0.0829326923076923 0.11298076923076923
19 0.5721153846153846 0.34134615384615385 0.07692307692307693 0.11778846153846154
11 0.65625 0.34134615384615385 0.0829326923076923 0.11057692307692307
2 0.7415865384615384 0.3473557692307692 0.078125 0.10576923076923077
30 0.15745192307692307 0.5168269230769231 0.07932692307692307 0.18028846153846154
32 0.23918269230769232 0.5144230769230769 0.07451923076923077 0.16947115384615385
30 0.3161057692307692 0.5132211538461539 0.06971153846153846 0.17307692307692307
3 0.3870192307692308 0.5192307692307693 0.07451923076923077 0.16947115384615385
3 0.4675480769230769 0.5276442307692307 0.07692307692307693 0.17307692307692307
25 0.5492788461538461 0.5264423076923077 0.0829326923076923 0.16947115384615385
20 0.6310096153846154 0.5336538461538461 0.07451923076923077 0.1658653846153846
27 0.7127403846153846 0.5324519230769231 0.08653846153846154 0.18389423076923078
15 0.16105769230769232 0.6983173076923077 0.06850961538461539 0.13942307692307693
15 0.23798076923076922 0.7007211538461539 0.0733173076923077 0.14423076923076922
17 0.3076923076923077 0.703125 0.06370192307692307 0.1466346153846154
3 0.3786057692307692 0.7019230769230769 0.07451923076923077 0.15985576923076922
33 0.453125 0.7175480769230769 0.07451923076923077 0.13942307692307693
33 0.5240384615384616 0.7175480769230769 0.06850961538461539 0.13822115384615385
20 0.5985576923076923 0.7103365384615384 0.078125 0.15504807692307693
14 0.6730769230769231 0.7127403846153846 0.07211538461538461 0.14903846153846154
15 0.17668269230769232 0.8545673076923077 0.07211538461538461 0.11538461538461539
15 0.2512019230769231 0.8557692307692307 0.06971153846153846 0.11778846153846154
30 0.32211538461538464 0.8557692307692307 0.055288461538461536 0.12379807692307693
30 0.38100961538461536 0.8557692307692307 0.051682692307692304 0.12980769230769232
30 0.4387019230769231 0.8581730769230769 0.06129807692307692 0.1201923076923077
30 0.5060096153846154 0.8605769230769231 0.06129807692307692 0.125
30 0.5769230769230769 0.8641826923076923 0.06009615384615385 0.11899038461538461
30 0.640625 0.8677884615384616 0.07211538461538461 0.11778846153846154