19 0.1875 0.15504807692307693 0.05889423076923077 0.11899038461538461
19 0.25240384615384615 0.15745192307692307 0.06490384615384616 0.11538461538461539
19 0.31490384615384615 0.15865384615384615 0.056490384615384616 0.11298076923076923
19 0.3786057692307692 0.1622596153846154 0.05889423076923077 0.11658653846153846
19 0.4411057692307692 0.1658653846153846 0.055288461538461536 0.11658653846153846
19 0.5060096153846154 0.1658653846153846 0.06129807692307692 0.11298076923076923
2 0.6959134615384616 0.17427884615384615 0.06490384615384616 0.11298076923076923
19 0.203125 0.3605769230769231 0.06129807692307692 0.11177884615384616
19 0.2608173076923077 0.36177884615384615 0.06009615384615385 0.11658653846153846
19 0.32211538461538464 0.36177884615384615 0.055288461538461536 0.11298076923076923
19 0.38341346153846156 0.36538461538461536 0.056490384615384616 0.11899038461538461
10 0.20432692307692307 0.5276442307692307 0.055288461538461536 0.1045673076923077
10 0.2608173076923077 0.5264423076923077 0.056490384615384616 0.10576923076923077
2 0.5384615384615384 0.5336538461538461 0.054086538461538464 0.10697115384615384
26 0.5973557692307693 0.5420673076923077 0.054086538461538464 0.11177884615384616
26 0.6550480769230769 0.5432692307692307 0.051682692307692304 0.10817307692307693
26 0.7235576923076923 0.5420673076923077 0.06490384615384616 0.11177884615384616
6 0.20552884615384615 0.6766826923076923 0.056490384615384616 0.1466346153846154
6 0.26322115384615385 0.6802884615384616 0.055288461538461536 0.15144230769230768
25 0.32091346153846156 0.6790865384615384 0.054086538461538464 0.14182692307692307
18 0.3762019230769231 0.6899038461538461 0.06009615384615385 0.1346153846153846
18 0.5637019230769231 0.6899038461538461 0.04567307692307692 0.12980769230769232
18 0.6177884615384616 0.6947115384615384 0.055288461538461536 0.1346153846153846
18 0.6754807692307693 0.6911057692307693 0.040865384615384616 0.1310096153846154
26 0.20432692307692307 0.8257211538461539 0.042067307692307696 0.09134615384615384
26 0.25721153846153844 0.8245192307692307 0.06490384615384616 0.09495192307692307
26 0.3076923076923077 0.8293269230769231 0.046875 0.09254807692307693