15 0.17427884615384615 0.17668269230769232 0.078125 0.17307692307692307
15 0.24759615384615385 0.18629807692307693 0.07451923076923077 0.17307692307692307
15 0.22716346153846154 0.39903846153846156 0.08173076923076923 0.15384615384615385
15 0.3112980769230769 0.39783653846153844 0.07932692307692307 0.15384615384615385
15 0.3954326923076923 0.3954326923076923 0.07211538461538461 0.14423076923076922
15 0.4182692307692308 0.19471153846153846 0.07932692307692307 0.15625
17 0.3329326923076923 0.19110576923076922 0.08653846153846154 0.16105769230769232
19 0.4963942307692308 0.22716346153846154 0.08173076923076923 0.1045673076923077
19 0.5625 0.22716346153846154 0.05889423076923077 0.0985576923076923
10 0.6322115384615384 0.23317307692307693 0.07932692307692307 0.10216346153846154
10 0.6995192307692307 0.23677884615384615 0.06370192307692307 0.10096153846153846
28 0.46875 0.3954326923076923 0.06129807692307692 0.14543269230769232
30 0.5444711538461539 0.39783653846153844 0.07932692307692307 0.14783653846153846
30 0.609375 0.3942307692307692 0.054086538461538464 0.14182692307692307
30 0.6694711538461539 0.39302884615384615 0.06370192307692307 0.1346153846153846
33 0.15384615384615385 0.5841346153846154 0.06370192307692307 0.1466346153846154
33 0.234375 0.5793269230769231 0.0889423076923077 0.14182692307692307
33 0.33052884615384615 0.5721153846153846 0.078125 0.13701923076923078
25 0.40024038461538464 0.5709134615384616 0.06971153846153846 0.1346153846153846
25 0.4723557692307692 0.5661057692307693 0.07692307692307693 0.12379807692307693
27 0.5456730769230769 0.5576923076923077 0.0733173076923077 0.13701923076923078
27 0.6165865384615384 0.5564903846153846 0.07692307692307693 0.1346153846153846
20 0.1466346153846154 0.7548076923076923 0.05889423076923077 0.13822115384615385
20 0.2127403846153846 0.7487980769230769 0.07451923076923077 0.1346153846153846
14 0.2824519230769231 0.7391826923076923 0.056490384615384616 0.1346153846153846
14 0.3485576923076923 0.7331730769230769 0.07211538461538461 0.12620192307692307
6 0.4182692307692308 0.7271634615384616 0.06850961538461539 0.12980769230769232
6 0.5252403846153846 0.7151442307692307 0.07211538461538461 0.125
6 0.5925480769230769 0.7079326923076923 0.06971153846153846 0.1201923076923077
5 0.14302884615384615 0.9110576923076923 0.06490384615384616 0.12259615384615384
5 0.21514423076923078 0.8954326923076923 0.078125 0.11899038461538461
5 0.2824519230769231 0.8858173076923077 0.06610576923076923 0.1201923076923077
5 0.3449519230769231 0.8822115384615384 0.06971153846153846 0.12980769230769232
5 0.41466346153846156 0.8677884615384616 0.078125 0.11899038461538461
5 0.4807692307692308 0.8581730769230769 0.07451923076923077 0.11778846153846154
5 0.546875 0.8485576923076923 0.07211538461538461 0.11298076923076923