10 0.328125 0.33413461538461536 0.06129807692307692 0.08774038461538461
10 0.4266826923076923 0.33533653846153844 0.06370192307692307 0.08774038461538461
10 0.5204326923076923 0.3329326923076923 0.05889423076923077 0.08774038461538461
10 0.5793269230769231 0.33413461538461536 0.054086538461538464 0.09375
11 0.6358173076923077 0.3329326923076923 0.051682692307692304 0.0889423076923077
11 0.6826923076923077 0.3329326923076923 0.05048076923076923 0.09134615384615384
19 0.3125 0.5072115384615384 0.055288461538461536 0.0889423076923077
19 0.36778846153846156 0.5120192307692307 0.056490384615384616 0.09375
19 0.41947115384615385 0.5096153846153846 0.055288461538461536 0.08533653846153846
19 0.4675480769230769 0.5084134615384616 0.054086538461538464 0.0829326923076923
19 0.515625 0.5096153846153846 0.05889423076923077 0.08413461538461539
19 0.5697115384615384 0.5120192307692307 0.05048076923076923 0.09014423076923077
2 0.6189903846153846 0.5120192307692307 0.055288461538461536 0.09014423076923077
2 0.671875 0.5096153846153846 0.054086538461538464 0.08533653846153846
34 0.31009615384615385 0.6646634615384616 0.056490384615384616 0.08413461538461539
34 0.3605769230769231 0.6622596153846154 0.054086538461538464 0.08533653846153846
34 0.4110576923076923 0.6646634615384616 0.051682692307692304 0.0889423076923077
34 0.4567307692307692 0.6670673076923077 0.051682692307692304 0.08653846153846154
34 0.5108173076923077 0.6682692307692307 0.051682692307692304 0.0889423076923077
29 0.5600961538461539 0.671875 0.046875 0.0889423076923077
29 0.6081730769230769 0.6730769230769231 0.055288461538461536 0.09134615384615384
29 0.6670673076923077 0.6730769230769231 0.055288461538461536 0.09014423076923077
5 0.3173076923076923 0.7860576923076923 0.06009615384615385 0.1141826923076923
5 0.3762019230769231 0.7836538461538461 0.055288461538461536 0.11057692307692307
5 0.42788461538461536 0.7872596153846154 0.056490384615384616 0.11298076923076923
5 0.4735576923076923 0.7872596153846154 0.046875 0.1141826923076923
5 0.5252403846153846 0.7884615384615384 0.055288461538461536 0.1141826923076923
17 0.609375 0.8004807692307693 0.04927884615384615 0.09375
17 0.6646634615384616 0.8052884615384616 0.054086538461538464 0.09254807692307693