2 0.06009615384615385 0.17067307692307693 0.1141826923076923 0.13701923076923078
2 0.171875 0.17067307692307693 0.11057692307692307 0.13581730769230768
29 0.28966346153846156 0.17307692307692307 0.11899038461538461 0.13341346153846154
19 0.4026442307692308 0.17548076923076922 0.09975961538461539 0.12860576923076922
11 0.7247596153846154 0.17548076923076922 0.10576923076923077 0.12379807692307693
11 0.8317307692307693 0.17668269230769232 0.09615384615384616 0.12980769230769232
30 0.1045673076923077 0.40865384615384615 0.10697115384615384 0.1875
14 0.21394230769230768 0.40865384615384615 0.10216346153846154 0.18389423076923078
20 0.32572115384615385 0.40865384615384615 0.10096153846153846 0.1875
3 0.43149038461538464 0.4050480769230769 0.1045673076923077 0.18389423076923078
33 0.7235576923076923 0.41466346153846156 0.09735576923076923 0.15384615384615385
6 0.13701923076923078 0.6334134615384616 0.1045673076923077 0.16346153846153846
17 0.23798076923076922 0.6322115384615384 0.09254807692307693 0.1622596153846154
6 0.33774038461538464 0.6262019230769231 0.09375 0.16346153846153846
6 0.43990384615384615 0.6213942307692307 0.09615384615384616 0.16105769230769232
6 0.5336538461538461 0.6189903846153846 0.09134615384615384 0.16346153846153846
15 0.6225961538461539 0.6225961538461539 0.08173076923076923 0.1466346153846154
15 0.7055288461538461 0.6165865384615384 0.08173076923076923 0.1466346153846154
15 0.7944711538461539 0.6177884615384616 0.08653846153846154 0.14783653846153846
3 0.2620192307692308 0.8185096153846154 0.09134615384615384 0.13701923076923078
3 0.35336538461538464 0.8149038461538461 0.0889423076923077 0.13942307692307693
30 0.4411057692307692 0.8100961538461539 0.07451923076923077 0.13822115384615385