5 0.22355769230769232 0.3870192307692308 0.08653846153846154 0.09975961538461539
5 0.31490384615384615 0.38461538461538464 0.08653846153846154 0.09975961538461539
5 0.4050480769230769 0.38461538461538464 0.08413461538461539 0.09975961538461539
5 0.49399038461538464 0.38341346153846156 0.0829326923076923 0.1045673076923077
5 0.5841346153846154 0.3798076923076923 0.07451923076923077 0.09975961538461539
5 0.6694711538461539 0.38221153846153844 0.078125 0.11177884615384616
5 0.7704326923076923 0.38100961538461536 0.08173076923076923 0.09615384615384616
5 0.21875 0.5276442307692307 0.09975961538461539 0.125
5 0.32091346153846156 0.5204326923076923 0.0889423076923077 0.125
5 0.4182692307692308 0.5240384615384616 0.08653846153846154 0.12139423076923077
5 0.5060096153846154 0.5216346153846154 0.0829326923076923 0.125
5 0.5973557692307693 0.5192307692307693 0.0829326923076923 0.125
5 0.6875 0.515625 0.07932692307692307 0.11899038461538461
5 0.7824519230769231 0.5132211538461539 0.0889423076923077 0.12379807692307693
5 0.7572115384615384 0.7259615384615384 0.11538461538461539 0.14543269230769232
5 0.6177884615384616 0.7259615384615384 0.1201923076923077 0.15144230769230768
5 0.48677884615384615 0.7271634615384616 0.11899038461538461 0.1502403846153846