22 0.22716346153846154 0.2403846153846154 0.06610576923076923 0.10096153846153846
19 0.28966346153846156 0.24158653846153846 0.06009615384615385 0.10216346153846154
2 0.35336538461538464 0.2403846153846154 0.06129807692307692 0.10096153846153846
8 0.41586538461538464 0.24278846153846154 0.06490384615384616 0.10216346153846154
13 0.47836538461538464 0.2439903846153846 0.06009615384615385 0.10216346153846154
29 0.5408653846153846 0.2439903846153846 0.06610576923076923 0.10216346153846154
2 0.6045673076923077 0.2439903846153846 0.06129807692307692 0.1045673076923077
31 0.6742788461538461 0.24759615384615385 0.0733173076923077 0.10216346153846154
28 0.24519230769230768 0.4170673076923077 0.06370192307692307 0.1502403846153846
28 0.30528846153846156 0.41466346153846156 0.051682692307692304 0.14423076923076922
25 0.36177884615384615 0.41466346153846156 0.06370192307692307 0.14543269230769232
25 0.42427884615384615 0.4170673076923077 0.05889423076923077 0.14903846153846154
33 0.484375 0.42427884615384615 0.055288461538461536 0.13341346153846154
33 0.5432692307692307 0.42788461538461536 0.06129807692307692 0.12860576923076922
15 0.6081730769230769 0.43028846153846156 0.06490384615384616 0.12740384615384615
15 0.6682692307692307 0.42908653846153844 0.055288461538461536 0.12620192307692307
32 0.2620192307692308 0.5901442307692307 0.054086538461538464 0.12860576923076922
32 0.3173076923076923 0.5901442307692307 0.051682692307692304 0.13221153846153846
32 0.3713942307692308 0.5925480769230769 0.054086538461538464 0.13221153846153846
30 0.4254807692307692 0.5925480769230769 0.054086538461538464 0.13942307692307693
14 0.4795673076923077 0.5961538461538461 0.055288461538461536 0.13581730769230768
14 0.5372596153846154 0.5949519230769231 0.056490384615384616 0.1310096153846154
3 0.5973557692307693 0.5961538461538461 0.056490384615384616 0.1310096153846154
3 0.6574519230769231 0.5961538461538461 0.06009615384615385 0.13341346153846154
3 0.44350961538461536 0.7487980769230769 0.06129807692307692 0.12259615384615384
6 0.27524038461538464 0.7524038461538461 0.06610576923076923 0.12379807692307693
6 0.33533653846153844 0.7487980769230769 0.054086538461538464 0.12139423076923077
25 0.3870192307692308 0.75 0.04927884615384615 0.125
17 0.5072115384615384 0.7524038461538461 0.051682692307692304 0.12620192307692307
17 0.5588942307692307 0.75 0.04927884615384615 0.125
36 0.6045673076923077 0.7560096153846154 0.038461538461538464 0.11177884615384616
15 0.6514423076923077 0.7548076923076923 0.055288461538461536 0.11177884615384616
15 0.4423076923076923 0.8978365384615384 0.04927884615384615 0.11177884615384616
5 0.4951923076923077 0.8942307692307693 0.056490384615384616 0.11538461538461539
5 0.5841346153846154 0.8966346153846154 0.055288461538461536 0.1141826923076923
5 0.640625 0.8930288461538461 0.055288461538461536 0.11538461538461539