16 0.3701923076923077 0.3425480769230769 0.10216346153846154 0.15865384615384615
16 0.47596153846153844 0.34134615384615385 0.09975961538461539 0.16105769230769232
16 0.5793269230769231 0.3425480769230769 0.10216346153846154 0.15745192307692307
16 0.6826923076923077 0.34975961538461536 0.09975961538461539 0.13701923076923078
16 0.7800480769230769 0.35096153846153844 0.09254807692307693 0.13341346153846154
16 0.8858173076923077 0.3485576923076923 0.09615384615384616 0.13701923076923078
16 0.4110576923076923 0.6802884615384616 0.08173076923076923 0.13701923076923078
16 0.49399038461538464 0.6790865384615384 0.08653846153846154 0.13701923076923078
16 0.5769230769230769 0.6766826923076923 0.08774038461538461 0.13822115384615385
16 0.6766826923076923 0.6790865384615384 0.078125 0.14182692307692307
16 0.765625 0.6826923076923077 0.0889423076923077 0.14543269230769232
16 0.8569711538461539 0.6838942307692307 0.078125 0.14543269230769232