19 0.15384615384615385 0.28365384615384615 0.06370192307692307 0.08533653846153846
19 0.2091346153846154 0.2848557692307692 0.06009615384615385 0.09254807692307693
19 0.2668269230769231 0.28365384615384615 0.06490384615384616 0.09014423076923077
19 0.32572115384615385 0.28365384615384615 0.06370192307692307 0.09014423076923077
19 0.38100961538461536 0.2848557692307692 0.06009615384615385 0.09254807692307693
19 0.44350961538461536 0.28125 0.06370192307692307 0.09254807692307693
19 0.5108173076923077 0.28125 0.06610576923076923 0.09495192307692307
19 0.5721153846153846 0.2824519230769231 0.06490384615384616 0.09975961538461539
19 0.6322115384615384 0.27884615384615385 0.06490384615384616 0.09735576923076923
19 0.6971153846153846 0.2764423076923077 0.06490384615384616 0.09134615384615384
2 0.19951923076923078 0.4639423076923077 0.06129807692307692 0.07692307692307693
2 0.2512019230769231 0.46274038461538464 0.056490384615384616 0.0829326923076923
2 0.30408653846153844 0.46153846153846156 0.05889423076923077 0.08533653846153846
2 0.36177884615384615 0.46274038461538464 0.06009615384615385 0.0889423076923077
2 0.41346153846153844 0.46153846153846156 0.06009615384615385 0.08413461538461539
2 0.46634615384615385 0.46153846153846156 0.056490384615384616 0.09014423076923077
2 0.5216346153846154 0.4651442307692308 0.06129807692307692 0.0889423076923077
2 0.5793269230769231 0.4639423076923077 0.06009615384615385 0.09014423076923077
2 0.6346153846153846 0.46634615384615385 0.06009615384615385 0.08173076923076923
2 0.6947115384615384 0.4639423076923077 0.06129807692307692 0.08052884615384616
8 0.21995192307692307 0.6225961538461539 0.05889423076923077 0.07932692307692307
8 0.2692307692307692 0.6237980769230769 0.06370192307692307 0.0829326923076923
8 0.32091346153846156 0.6201923076923077 0.054086538461538464 0.07572115384615384
8 0.3737980769230769 0.6213942307692307 0.06129807692307692 0.07572115384615384
8 0.43149038461538464 0.6262019230769231 0.06370192307692307 0.08173076923076923
8 0.48677884615384615 0.6201923076923077 0.05889423076923077 0.0829326923076923
8 0.5372596153846154 0.6213942307692307 0.054086538461538464 0.08413461538461539
8 0.5901442307692307 0.6262019230769231 0.06129807692307692 0.0829326923076923
8 0.640625 0.6298076923076923 0.06129807692307692 0.08173076923076923
8 0.6947115384615384 0.6274038461538461 0.06850961538461539 0.08052884615384616
29 0.22596153846153846 0.8185096153846154 0.06129807692307692 0.07932692307692307
29 0.2800480769230769 0.8161057692307693 0.051682692307692304 0.08052884615384616
29 0.3317307692307692 0.8173076923076923 0.05889423076923077 0.08173076923076923
29 0.3870192307692308 0.8161057692307693 0.05889423076923077 0.08052884615384616
29 0.4362980769230769 0.8173076923076923 0.06129807692307692 0.08533653846153846
29 0.4891826923076923 0.8173076923076923 0.06490384615384616 0.08653846153846154
29 0.5444711538461539 0.8161057692307693 0.06129807692307692 0.08774038461538461
29 0.5997596153846154 0.8161057692307693 0.056490384615384616 0.08173076923076923
29 0.6526442307692307 0.8185096153846154 0.06610576923076923 0.08052884615384616
29 0.7067307692307693 0.8209134615384616 0.05889423076923077 0.0829326923076923