5 0.29927884615384615 0.36778846153846156 0.04567307692307692 0.1346153846153846
5 0.3485576923076923 0.3701923076923077 0.04567307692307692 0.12139423076923077
5 0.39663461538461536 0.37259615384615385 0.04447115384615385 0.12980769230769232
5 0.4411057692307692 0.3786057692307692 0.04447115384615385 0.1346153846153846
5 0.48677884615384615 0.36538461538461536 0.04567307692307692 0.14423076923076922
5 0.5300480769230769 0.36538461538461536 0.04567307692307692 0.13942307692307693
5 0.5793269230769231 0.3605769230769231 0.04567307692307692 0.15264423076923078
5 0.29447115384615385 0.5516826923076923 0.04567307692307692 0.1346153846153846
5 0.3425480769230769 0.5540865384615384 0.051682692307692304 0.12740384615384615
5 0.3942307692307692 0.5540865384615384 0.04807692307692308 0.12860576923076922
5 0.44350961538461536 0.5552884615384616 0.040865384615384616 0.125
5 0.4855769230769231 0.5492788461538461 0.040865384615384616 0.13221153846153846
5 0.5336538461538461 0.5516826923076923 0.040865384615384616 0.13221153846153846
5 0.5805288461538461 0.5504807692307693 0.038461538461538464 0.125
5 0.5516826923076923 0.7439903846153846 0.056490384615384616 0.14783653846153846
5 0.49399038461538464 0.7451923076923077 0.04927884615384615 0.14423076923076922
5 0.43149038461538464 0.7475961538461539 0.05048076923076923 0.15264423076923078
5 0.3581730769230769 0.7536057692307693 0.09134615384615384 0.15144230769230768