33 0.28846153846153844 0.2848557692307692 0.040865384615384616 0.10697115384615384
33 0.33052884615384615 0.28365384615384615 0.040865384615384616 0.10216346153846154
33 0.3737980769230769 0.2824519230769231 0.042067307692307696 0.10576923076923077
33 0.4206730769230769 0.28365384615384615 0.04567307692307692 0.10336538461538461
33 0.46875 0.2848557692307692 0.04447115384615385 0.1045673076923077
33 0.5132211538461539 0.2848557692307692 0.04567307692307692 0.10817307692307693
6 0.5576923076923077 0.27884615384615385 0.042067307692307696 0.11177884615384616
6 0.6045673076923077 0.28125 0.04567307692307692 0.11298076923076923
6 0.6514423076923077 0.28365384615384615 0.04567307692307692 0.125
6 0.703125 0.28365384615384615 0.05048076923076923 0.11778846153846154
25 0.2956730769230769 0.41947115384615385 0.046875 0.09975961538461539
25 0.3401442307692308 0.41947115384615385 0.042067307692307696 0.10697115384615384
25 0.3858173076923077 0.42427884615384615 0.042067307692307696 0.10216346153846154
25 0.4362980769230769 0.4254807692307692 0.040865384615384616 0.10096153846153846
30 0.4807692307692308 0.4254807692307692 0.040865384615384616 0.1045673076923077
30 0.5216346153846154 0.4254807692307692 0.038461538461538464 0.11177884615384616
30 0.5637019230769231 0.42788461538461536 0.04447115384615385 0.11538461538461539
30 0.6069711538461539 0.42788461538461536 0.038461538461538464 0.11298076923076923
30 0.6466346153846154 0.4266826923076923 0.038461538461538464 0.1141826923076923
30 0.6875 0.42788461538461536 0.037259615384615384 0.10697115384615384
3 0.28966346153846156 0.5697115384615384 0.037259615384615384 0.1045673076923077
3 0.3317307692307692 0.5685096153846154 0.038461538461538464 0.10336538461538461
3 0.3762019230769231 0.5685096153846154 0.038461538461538464 0.10336538461538461
3 0.41586538461538464 0.5697115384615384 0.036057692307692304 0.10216346153846154
3 0.4567307692307692 0.5697115384615384 0.042067307692307696 0.10216346153846154
6 0.5 0.5697115384615384 0.046875 0.1045673076923077
6 0.5480769230769231 0.5721153846153846 0.042067307692307696 0.10336538461538461
6 0.5901442307692307 0.5709134615384616 0.038461538461538464 0.10336538461538461
6 0.6298076923076923 0.5721153846153846 0.040865384615384616 0.10336538461538461
6 0.6778846153846154 0.5733173076923077 0.04567307692307692 0.10576923076923077
20 0.2932692307692308 0.7055288461538461 0.038461538461538464 0.1045673076923077
20 0.33774038461538464 0.7043269230769231 0.04567307692307692 0.1045673076923077
20 0.38221153846153844 0.7019230769230769 0.04567307692307692 0.11057692307692307
20 0.4266826923076923 0.7043269230769231 0.037259615384615384 0.10697115384615384
15 0.46634615384615385 0.7079326923076923 0.042067307692307696 0.0985576923076923
15 0.5108173076923077 0.7079326923076923 0.040865384615384616 0.09375
15 0.5516826923076923 0.7127403846153846 0.038461538461538464 0.09975961538461539
15 0.5889423076923077 0.7127403846153846 0.03245192307692308 0.09495192307692307
15 0.6262019230769231 0.7115384615384616 0.038461538461538464 0.09375
15 0.6694711538461539 0.7115384615384616 0.037259615384615384 0.09735576923076923
5 0.29927884615384615 0.8209134615384616 0.042067307692307696 0.10336538461538461
5 0.34134615384615385 0.8197115384615384 0.04927884615384615 0.10096153846153846
5 0.39302884615384615 0.8173076923076923 0.046875 0.10216346153846154
17 0.4375 0.8209134615384616 0.042067307692307696 0.09735576923076923
17 0.48197115384615385 0.8245192307692307 0.040865384615384616 0.09615384615384616
17 0.5264423076923077 0.8269230769230769 0.04567307692307692 0.10096153846153846
17 0.5721153846153846 0.8245192307692307 0.038461538461538464 0.09615384615384616
17 0.6189903846153846 0.8245192307692307 0.04447115384615385 0.1045673076923077
17 0.6622596153846154 0.8293269230769231 0.042067307692307696 0.10576923076923077