10 0.23557692307692307 0.0985576923076923 0.08173076923076923 0.13581730769230768
19 0.3161057692307692 0.0985576923076923 0.07692307692307693 0.1310096153846154
19 0.390625 0.10096153846153846 0.06490384615384616 0.125
2 0.45913461538461536 0.1045673076923077 0.06610576923076923 0.12259615384615384
8 0.5324519230769231 0.10817307692307693 0.0733173076923077 0.125
8 0.6045673076923077 0.1141826923076923 0.06009615384615385 0.125
27 0.11177884615384616 0.29447115384615385 0.0829326923076923 0.18870192307692307
25 0.19110576923076922 0.296875 0.07692307692307693 0.17908653846153846
25 0.26802884615384615 0.2980769230769231 0.07211538461538461 0.17668269230769232
25 0.3449519230769231 0.29927884615384615 0.06971153846153846 0.1778846153846154
25 0.4182692307692308 0.29927884615384615 0.06971153846153846 0.17307692307692307
30 0.484375 0.2980769230769231 0.055288461538461536 0.17067307692307693
33 0.5516826923076923 0.29927884615384615 0.06490384615384616 0.16826923076923078
6 0.12139423076923077 0.5709134615384616 0.07692307692307693 0.16466346153846154
25 0.1814903846153846 0.5661057692307693 0.06370192307692307 0.16826923076923078
9 0.25240384615384615 0.5637019230769231 0.06490384615384616 0.15865384615384615
3 0.3173076923076923 0.5612980769230769 0.06129807692307692 0.15985576923076922
15 0.38461538461538464 0.5588942307692307 0.056490384615384616 0.16706730769230768
5 0.44471153846153844 0.5492788461538461 0.06370192307692307 0.17067307692307693
5 0.5084134615384616 0.5480769230769231 0.05889423076923077 0.1778846153846154
5 0.5697115384615384 0.5444711538461539 0.06370192307692307 0.1778846153846154
20 0.12740384615384615 0.7920673076923077 0.06850961538461539 0.1502403846153846
20 0.19471153846153846 0.7860576923076923 0.06009615384615385 0.15264423076923078
3 0.25961538461538464 0.7848557692307693 0.056490384615384616 0.1502403846153846
6 0.3245192307692308 0.7728365384615384 0.06009615384615385 0.15745192307692307
6 0.38461538461538464 0.7680288461538461 0.054086538461538464 0.1466346153846154
15 0.44711538461538464 0.7680288461538461 0.055288461538461536 0.12740384615384615
30 0.5012019230769231 0.7572115384615384 0.04927884615384615 0.1466346153846154
33 0.5480769230769231 0.7632211538461539 0.04567307692307692 0.11177884615384616