5 0.2644230769230769 0.5480769230769231 0.0829326923076923 0.13581730769230768
5 0.35096153846153844 0.5444711538461539 0.08413461538461539 0.13221153846153846
5 0.4338942307692308 0.5408653846153846 0.08173076923076923 0.12860576923076922
5 0.5168269230769231 0.5372596153846154 0.07211538461538461 0.12740384615384615
5 0.5949519230769231 0.5360576923076923 0.07451923076923077 0.12740384615384615
5 0.6766826923076923 0.5348557692307693 0.07451923076923077 0.125
5 0.7644230769230769 0.5348557692307693 0.078125 0.125
5 0.71875 0.7512019230769231 0.08413461538461539 0.15144230769230768
5 0.6141826923076923 0.7596153846153846 0.10697115384615384 0.15504807692307693
5 0.4963942307692308 0.7632211538461539 0.10576923076923077 0.1658653846153846
5 0.35096153846153844 0.7512019230769231 0.1658653846153846 0.19591346153846154