34 0.12620192307692307 0.08653846153846154 0.06610576923076923 0.1141826923076923
34 0.19471153846153846 0.08653846153846154 0.06370192307692307 0.11778846153846154
34 0.25961538461538464 0.08413461538461539 0.06129807692307692 0.11658653846153846
34 0.3269230769230769 0.08413461538461539 0.06490384615384616 0.11778846153846154
34 0.3954326923076923 0.08774038461538461 0.06129807692307692 0.11658653846153846
31 0.46153846153846156 0.08653846153846154 0.06370192307692307 0.11298076923076923
31 0.5252403846153846 0.08774038461538461 0.06490384615384616 0.1141826923076923
31 0.5913461538461539 0.09014423076923077 0.05889423076923077 0.11057692307692307
31 0.6598557692307693 0.09254807692307693 0.06370192307692307 0.1141826923076923
31 0.7247596153846154 0.0889423076923077 0.06370192307692307 0.11057692307692307
2 0.13221153846153846 0.30288461538461536 0.06850961538461539 0.12259615384615384
2 0.20072115384615385 0.30288461538461536 0.06610576923076923 0.12860576923076922
2 0.26802884615384615 0.30288461538461536 0.06850961538461539 0.12740384615384615
2 0.33533653846153844 0.30288461538461536 0.06490384615384616 0.12740384615384615
34 0.40384615384615385 0.30288461538461536 0.06850961538461539 0.12740384615384615
34 0.4735576923076923 0.3016826923076923 0.06610576923076923 0.12620192307692307
34 0.5408653846153846 0.3016826923076923 0.06850961538461539 0.12620192307692307
34 0.609375 0.3016826923076923 0.06971153846153846 0.1310096153846154
31 0.11538461538461539 0.5492788461538461 0.06850961538461539 0.12980769230769232
31 0.18509615384615385 0.5528846153846154 0.07211538461538461 0.13341346153846154
31 0.25721153846153844 0.5540865384615384 0.07211538461538461 0.13221153846153846
31 0.3329326923076923 0.5528846153846154 0.06610576923076923 0.13341346153846154
31 0.4026442307692308 0.5552884615384616 0.0733173076923077 0.13221153846153846
34 0.47596153846153844 0.5576923076923077 0.06610576923076923 0.13701923076923078
34 0.5504807692307693 0.5576923076923077 0.0733173076923077 0.13221153846153846
34 0.6213942307692307 0.5540865384615384 0.06490384615384616 0.1310096153846154
31 0.7644230769230769 0.5588942307692307 0.07211538461538461 0.12740384615384615
5 0.12379807692307693 0.7680288461538461 0.07692307692307693 0.19951923076923078
5 0.20432692307692307 0.7668269230769231 0.07211538461538461 0.1971153846153846
5 0.2848557692307692 0.7680288461538461 0.07451923076923077 0.19831730769230768
5 0.3641826923076923 0.765625 0.078125 0.20072115384615385
5 0.4387019230769231 0.7704326923076923 0.06850961538461539 0.19951923076923078
5 0.5192307692307693 0.7692307692307693 0.07932692307692307 0.19831730769230768
5 0.5949519230769231 0.7716346153846154 0.07451923076923077 0.19951923076923078
5 0.6742788461538461 0.7692307692307693 0.07451923076923077 0.19951923076923078
5 0.7620192307692307 0.7680288461538461 0.07451923076923077 0.1971153846153846