36 0.042067307692307696 0.16826923076923078 0.08173076923076923 0.18990384615384615
5 0.15745192307692307 0.1346153846153846 0.14783653846153846 0.2692307692307692
22 0.40384615384615385 0.17908653846153846 0.11658653846153846 0.16826923076923078
19 0.5240384615384616 0.1778846153846154 0.11899038461538461 0.1658653846153846
11 0.6346153846153846 0.19110576923076922 0.09735576923076923 0.14783653846153846
19 0.7451923076923077 0.18269230769230768 0.11538461538461539 0.1622596153846154
29 0.8653846153846154 0.17908653846153846 0.11177884615384616 0.15865384615384615
15 0.09375 0.5444711538461539 0.12860576923076922 0.25240384615384615
15 0.22716346153846154 0.5420673076923077 0.125 0.24639423076923078
15 0.3449519230769231 0.5444711538461539 0.11658653846153846 0.23557692307692307
27 0.4675480769230769 0.5288461538461539 0.12860576923076922 0.2536057692307692
33 0.5961538461538461 0.5372596153846154 0.11899038461538461 0.23798076923076922
28 0.7067307692307693 0.5360576923076923 0.1045673076923077 0.2403846153846154
3 0.8125 0.5360576923076923 0.10096153846153846 0.2283653846153846
14 0.9158653846153846 0.5384615384615384 0.10576923076923077 0.23317307692307693
14 0.10817307692307693 0.8713942307692307 0.12139423076923077 0.23317307692307693
20 0.21754807692307693 0.8617788461538461 0.09735576923076923 0.23798076923076922
30 0.31850961538461536 0.8689903846153846 0.1045673076923077 0.24759615384615385
17 0.41586538461538464 0.8533653846153846 0.09134615384615384 0.22956730769230768
6 0.515625 0.8557692307692307 0.11057692307692307 0.2283653846153846
9 0.625 0.8545673076923077 0.09615384615384616 0.2247596153846154
5 0.7403846153846154 0.8473557692307693 0.10576923076923077 0.23557692307692307
5 0.8497596153846154 0.8605769230769231 0.11538461538461539 0.2439903846153846