10 0.07692307692307693 0.16826923076923078 0.125 0.19471153846153846
21 0.16947115384615385 0.15985576923076922 0.10096153846153846 0.1658653846153846
21 0.25841346153846156 0.15384615384615385 0.1045673076923077 0.1778846153846154
19 0.3485576923076923 0.15384615384615385 0.10216346153846154 0.1778846153846154
19 0.43509615384615385 0.1466346153846154 0.09254807692307693 0.17067307692307693
2 0.5192307692307693 0.15264423076923078 0.08774038461538461 0.15264423076923078
11 0.6069711538461539 0.140625 0.10096153846153846 0.17427884615384615
11 0.7007211538461539 0.13701923076923078 0.09134615384615384 0.17067307692307693
22 0.7860576923076923 0.13701923076923078 0.0889423076923077 0.16346153846153846
32 0.15745192307692307 0.4579326923076923 0.10096153846153846 0.2127403846153846
33 0.28725961538461536 0.4735576923076923 0.09375 0.1814903846153846
35 0.36538461538461536 0.4807692307692308 0.0889423076923077 0.16706730769230768
36 0.44350961538461536 0.4795673076923077 0.08173076923076923 0.16105769230769232
28 0.5168269230769231 0.453125 0.06971153846153846 0.21634615384615385
28 0.2127403846153846 0.7043269230769231 0.078125 0.17908653846153846
28 0.2800480769230769 0.7079326923076923 0.078125 0.1875
5 0.5889423076923077 0.44591346153846156 0.09975961538461539 0.22235576923076922
5 0.6802884615384616 0.4495192307692308 0.09615384615384616 0.21514423076923078
5 0.7728365384615384 0.44350961538461536 0.09735576923076923 0.22596153846153846
5 0.3894230769230769 0.7019230769230769 0.0889423076923077 0.18269230769230768
5 0.5024038461538461 0.6995192307692307 0.08173076923076923 0.18269230769230768
5 0.5745192307692307 0.6947115384615384 0.07211538461538461 0.18870192307692307
17 0.6442307692307693 0.7163461538461539 0.07692307692307693 0.16466346153846154
15 0.7151442307692307 0.7079326923076923 0.06850961538461539 0.16105769230769232