5 0.09615384615384616 0.2536057692307692 0.14783653846153846 0.24158653846153846
5 0.23677884615384615 0.24879807692307693 0.11899038461538461 0.24639423076923078
5 0.36778846153846156 0.24639423076923078 0.14182692307692307 0.25721153846153844
5 0.49759615384615385 0.24639423076923078 0.11057692307692307 0.25600961538461536
5 0.6262019230769231 0.24278846153846154 0.13341346153846154 0.26322115384615385
5 0.7752403846153846 0.2439903846153846 0.14182692307692307 0.27524038461538464
5 0.9206730769230769 0.23918269230769232 0.13341346153846154 0.2764423076923077
5 0.21033653846153846 0.7451923076923077 0.24759615384615385 0.39783653846153844
5 0.4423076923076923 0.7836538461538461 0.18870192307692307 0.36538461538461536
5 0.6526442307692307 0.7992788461538461 0.1875 0.375
5 0.8605769230769231 0.8088942307692307 0.19951923076923078 0.375