33 0.3076923076923077 0.28725961538461536 0.06129807692307692 0.14783653846153846
33 0.36778846153846156 0.2824519230769231 0.055288461538461536 0.14182692307692307
35 0.4206730769230769 0.2920673076923077 0.051682692307692304 0.1201923076923077
36 0.47836538461538464 0.2932692307692308 0.055288461538461536 0.125
36 0.5348557692307693 0.2932692307692308 0.055288461538461536 0.125
15 0.59375 0.28966346153846156 0.051682692307692304 0.14182692307692307
15 0.6502403846153846 0.28966346153846156 0.06129807692307692 0.14182692307692307
15 0.7163461538461539 0.29086538461538464 0.06370192307692307 0.14543269230769232
30 0.3137019230769231 0.44711538461538464 0.05889423076923077 0.13822115384615385
30 0.3701923076923077 0.44711538461538464 0.04567307692307692 0.13942307692307693
30 0.4182692307692308 0.44711538461538464 0.05048076923076923 0.13822115384615385
30 0.46634615384615385 0.45072115384615385 0.04447115384615385 0.13701923076923078
14 0.5168269230769231 0.45072115384615385 0.05889423076923077 0.1346153846153846
3 0.5757211538461539 0.45552884615384615 0.06129807692307692 0.13341346153846154
3 0.6370192307692307 0.45913461538461536 0.06370192307692307 0.13221153846153846
3 0.7379807692307693 0.46153846153846156 0.05889423076923077 0.13581730769230768
20 0.3233173076923077 0.609375 0.06370192307692307 0.13341346153846154
20 0.38822115384615385 0.6081730769230769 0.06490384615384616 0.1346153846153846
20 0.44591346153846156 0.6105769230769231 0.04927884615384615 0.13341346153846154
25 0.49759615384615385 0.6141826923076923 0.055288461538461536 0.13341346153846154
25 0.5504807692307693 0.6129807692307693 0.054086538461538464 0.13221153846153846
3 0.609375 0.6165865384615384 0.055288461538461536 0.12980769230769232
27 0.6694711538461539 0.6177884615384616 0.06370192307692307 0.12860576923076922
27 0.7271634615384616 0.6129807692307693 0.055288461538461536 0.12139423076923077
2 0.3545673076923077 0.7548076923076923 0.04927884615384615 0.09375
29 0.4963942307692308 0.765625 0.04927884615384615 0.0889423076923077
19 0.5444711538461539 0.7692307692307693 0.05048076923076923 0.09735576923076923
19 0.5949519230769231 0.7692307692307693 0.04567307692307692 0.09375
13 0.6442307692307693 0.7728365384615384 0.05048076923076923 0.09615384615384616