6 0.09615384615384616 0.3245192307692308 0.12139423076923077 0.19951923076923078
6 0.21394230769230768 0.3317307692307692 0.11177884615384616 0.20192307692307693
28 0.32091346153846156 0.3293269230769231 0.09375 0.19951923076923078
25 0.42427884615384615 0.33653846153846156 0.1141826923076923 0.20673076923076922
15 0.5360576923076923 0.33774038461538464 0.1045673076923077 0.1971153846153846
33 0.6490384615384616 0.3401442307692308 0.1141826923076923 0.19951923076923078
13 0.7596153846153846 0.3449519230769231 0.09975961538461539 0.19831730769230768
20 0.8725961538461539 0.3449519230769231 0.11057692307692307 0.2091346153846154
30 0.09615384615384616 0.6274038461538461 0.09735576923076923 0.20192307692307693
30 0.19230769230769232 0.6322115384615384 0.09134615384615384 0.20192307692307693
32 0.2848557692307692 0.6322115384615384 0.09615384615384616 0.1971153846153846
32 0.38341346153846156 0.6322115384615384 0.09254807692307693 0.20552884615384615
27 0.4855769230769231 0.6322115384615384 0.11177884615384616 0.21875
15 0.5997596153846154 0.6442307692307693 0.11057692307692307 0.19230769230769232
25 0.7091346153846154 0.6418269230769231 0.10697115384615384 0.19110576923076922
3 0.8173076923076923 0.6442307692307693 0.109375 0.19471153846153846
5 0.08173076923076923 0.8737980769230769 0.09254807692307693 0.20673076923076922
5 0.18269230769230768 0.8737980769230769 0.09735576923076923 0.1971153846153846
5 0.29086538461538464 0.8786057692307693 0.1045673076923077 0.19591346153846154
5 0.3918269230769231 0.8786057692307693 0.10096153846153846 0.19831730769230768
5 0.5012019230769231 0.8798076923076923 0.10096153846153846 0.19230769230769232
5 0.609375 0.8834134615384616 0.09975961538461539 0.1935096153846154
5 0.7103365384615384 0.8846153846153846 0.09735576923076923 0.1971153846153846
5 0.8173076923076923 0.8846153846153846 0.09975961538461539 0.1971153846153846