10 0.13701923076923078 0.10576923076923077 0.06490384615384616 0.11057692307692307
10 0.203125 0.10576923076923077 0.06490384615384616 0.1141826923076923
10 0.26802884615384615 0.10817307692307693 0.06129807692307692 0.10817307692307693
10 0.3329326923076923 0.10817307692307693 0.06129807692307692 0.10576923076923077
8 0.5108173076923077 0.5144230769230769 0.054086538461538464 0.09495192307692307
8 0.5661057692307693 0.5144230769230769 0.056490384615384616 0.09254807692307693
8 0.6237980769230769 0.515625 0.046875 0.09134615384615384
8 0.6766826923076923 0.5144230769230769 0.06370192307692307 0.09495192307692307
13 0.39783653846153844 0.10817307692307693 0.06129807692307692 0.10817307692307693
13 0.4639423076923077 0.11057692307692307 0.06009615384615385 0.11057692307692307
13 0.5264423076923077 0.109375 0.05889423076923077 0.10817307692307693
13 0.5889423076923077 0.109375 0.056490384615384616 0.10817307692307693
13 0.6538461538461539 0.109375 0.055288461538461536 0.11177884615384616
13 0.7163461538461539 0.10817307692307693 0.06610576923076923 0.10336538461538461
2 0.16706730769230768 0.34134615384615385 0.06971153846153846 0.09615384615384616
2 0.2283653846153846 0.3401442307692308 0.056490384615384616 0.09375
2 0.28725961538461536 0.34375 0.06129807692307692 0.09495192307692307
2 0.3449519230769231 0.3425480769230769 0.05048076923076923 0.09615384615384616
2 0.39783653846153844 0.3425480769230769 0.056490384615384616 0.09975961538461539
2 0.45913461538461536 0.34134615384615385 0.05889423076923077 0.0985576923076923
22 0.5168269230769231 0.3425480769230769 0.055288461538461536 0.09735576923076923
19 0.5745192307692307 0.3425480769230769 0.05889423076923077 0.09735576923076923
29 0.18509615384615385 0.5240384615384616 0.056490384615384616 0.09014423076923077
29 0.24519230769230768 0.5204326923076923 0.056490384615384616 0.09014423076923077
29 0.296875 0.5204326923076923 0.05048076923076923 0.09014423076923077
29 0.35096153846153844 0.5216346153846154 0.054086538461538464 0.08653846153846154
29 0.4074519230769231 0.5216346153846154 0.056490384615384616 0.09495192307692307
16 0.20673076923076922 0.6971153846153846 0.05889423076923077 0.11778846153846154
16 0.265625 0.6983173076923077 0.051682692307692304 0.11177884615384616
5 0.47716346153846156 0.6887019230769231 0.054086538461538464 0.13341346153846154
7 0.5817307692307693 0.7103365384615384 0.05048076923076923 0.09495192307692307
7 0.6322115384615384 0.7151442307692307 0.04567307692307692 0.08052884615384616