8 0.08052884615384616 0.21995192307692307 0.10216346153846154 0.14783653846153846
8 0.17427884615384615 0.23197115384615385 0.08653846153846154 0.13942307692307693
2 0.26802884615384615 0.234375 0.09134615384615384 0.1466346153846154
19 0.35697115384615385 0.24278846153846154 0.07932692307692307 0.13701923076923078
29 0.44591346153846156 0.24879807692307693 0.08413461538461539 0.13822115384615385
13 0.5288461538461539 0.2536057692307692 0.0829326923076923 0.13581730769230768
11 0.6081730769230769 0.2620192307692308 0.06490384615384616 0.12980769230769232
11 0.6875 0.2644230769230769 0.0733173076923077 0.13221153846153846
20 0.08413461538461539 0.5324519230769231 0.09375 0.22355769230769232
3 0.18990384615384615 0.5336538461538461 0.09615384615384616 0.21514423076923078
20 0.2824519230769231 0.5300480769230769 0.078125 0.2091346153846154
13 0.3701923076923077 0.5336538461538461 0.08173076923076923 0.20072115384615385
27 0.45913461538461536 0.5228365384615384 0.08774038461538461 0.21875
25 0.5456730769230769 0.53125 0.07692307692307693 0.19230769230769232
25 0.6274038461538461 0.53125 0.0733173076923077 0.18990384615384615
5 0.0889423076923077 0.8329326923076923 0.09615384615384616 0.23197115384615385
15 0.18509615384615385 0.8317307692307693 0.0829326923076923 0.2127403846153846
15 0.27163461538461536 0.8269230769230769 0.08173076923076923 0.21754807692307693
33 0.3557692307692308 0.8353365384615384 0.07451923076923077 0.18509615384615385
30 0.5168269230769231 0.8137019230769231 0.06370192307692307 0.20552884615384615
30 0.5817307692307693 0.8076923076923077 0.06490384615384616 0.2091346153846154
30 0.6538461538461539 0.8112980769230769 0.07451923076923077 0.20072115384615385