2 0.38100961538461536 0.20673076923076922 0.054086538461538464 0.10817307692307693
2 0.4411057692307692 0.20432692307692307 0.06490384615384616 0.1141826923076923
2 0.5060096153846154 0.20432692307692307 0.05889423076923077 0.11538461538461539
29 0.5685096153846154 0.20072115384615385 0.06610576923076923 0.11899038461538461
8 0.6334134615384616 0.20072115384615385 0.06370192307692307 0.11899038461538461
13 0.6959134615384616 0.19951923076923078 0.055288461538461536 0.11177884615384616
13 0.7536057692307693 0.19831730769230768 0.056490384615384616 0.11538461538461539
6 0.3629807692307692 0.3713942307692308 0.06971153846153846 0.1502403846153846
5 0.4362980769230769 0.3713942307692308 0.06490384615384616 0.14543269230769232
16 0.5012019230769231 0.36658653846153844 0.06009615384615385 0.1466346153846154
33 0.5637019230769231 0.37259615384615385 0.06009615384615385 0.13341346153846154
35 0.6274038461538461 0.3786057692307692 0.06490384615384616 0.11778846153846154
35 0.6875 0.3786057692307692 0.05889423076923077 0.11899038461538461
35 0.7427884615384616 0.3737980769230769 0.04927884615384615 0.12379807692307693
14 0.8028846153846154 0.36899038461538464 0.06490384615384616 0.14302884615384615
32 0.37740384615384615 0.5444711538461539 0.06129807692307692 0.12860576923076922
32 0.4362980769230769 0.5408653846153846 0.056490384615384616 0.13221153846153846
6 0.4987980769230769 0.5372596153846154 0.056490384615384616 0.12740384615384615
6 0.5552884615384616 0.5396634615384616 0.056490384615384616 0.12860576923076922
30 0.6165865384615384 0.5396634615384616 0.056490384615384616 0.13341346153846154
18 0.6742788461538461 0.5456730769230769 0.05048076923076923 0.12860576923076922
18 0.7283653846153846 0.5480769230769231 0.055288461538461536 0.13221153846153846
14 0.7932692307692307 0.5420673076923077 0.05889423076923077 0.13942307692307693
27 0.38822115384615385 0.6995192307692307 0.06129807692307692 0.13822115384615385
23 0.44350961538461536 0.6983173076923077 0.054086538461538464 0.13701923076923078
14 0.5 0.7043269230769231 0.056490384615384616 0.1346153846153846
14 0.5552884615384616 0.7007211538461539 0.05048076923076923 0.1346153846153846
3 0.609375 0.7043269230769231 0.056490384615384616 0.13581730769230768
20 0.6742788461538461 0.7055288461538461 0.054086538461538464 0.13341346153846154
20 0.7259615384615384 0.7007211538461539 0.04447115384615385 0.1310096153846154
20 0.7824519230769231 0.7067307692307693 0.06009615384615385 0.13822115384615385