5 0.2956730769230769 0.27163461538461536 0.07451923076923077 0.12620192307692307
5 0.375 0.27283653846153844 0.0733173076923077 0.13341346153846154
5 0.4483173076923077 0.27163461538461536 0.06490384615384616 0.12740384615384615
5 0.5168269230769231 0.2704326923076923 0.056490384615384616 0.12620192307692307
5 0.578125 0.2644230769230769 0.06610576923076923 0.12139423076923077
5 0.6418269230769231 0.2620192307692308 0.054086538461538464 0.1141826923076923
5 0.7019230769230769 0.25961538461538464 0.06009615384615385 0.11177884615384616
5 0.3629807692307692 0.44711538461538464 0.08173076923076923 0.15504807692307693
5 0.4483173076923077 0.4375 0.07692307692307693 0.15264423076923078
5 0.5252403846153846 0.4326923076923077 0.07211538461538461 0.1466346153846154
5 0.5949519230769231 0.4230769230769231 0.05889423076923077 0.14423076923076922
5 0.65625 0.41586538461538464 0.06009615384615385 0.14423076923076922
5 0.7175480769230769 0.4110576923076923 0.051682692307692304 0.14302884615384615
5 0.7728365384615384 0.4026442307692308 0.054086538461538464 0.13942307692307693
5 0.7235576923076923 0.6394230769230769 0.08173076923076923 0.1658653846153846
5 0.6394230769230769 0.6610576923076923 0.08173076923076923 0.17548076923076922
5 0.5456730769230769 0.6766826923076923 0.07932692307692307 0.17427884615384615
5 0.44591346153846156 0.7055288461538461 0.09254807692307693 0.1875