13 0.14302884615384615 0.2247596153846154 0.06490384615384616 0.11298076923076923
13 0.203125 0.2247596153846154 0.051682692307692304 0.11177884615384616
13 0.25961538461538464 0.2247596153846154 0.056490384615384616 0.11298076923076923
13 0.3173076923076923 0.22355769230769232 0.05889423076923077 0.10817307692307693
13 0.37740384615384615 0.22235576923076922 0.05889423076923077 0.11658653846153846
13 0.4362980769230769 0.22115384615384615 0.056490384615384616 0.11298076923076923
13 0.4951923076923077 0.21995192307692307 0.056490384615384616 0.1141826923076923
13 0.5540865384615384 0.21754807692307693 0.051682692307692304 0.11778846153846154
13 0.6105769230769231 0.21634615384615385 0.06009615384615385 0.11658653846153846
13 0.8569711538461539 0.21394230769230768 0.06129807692307692 0.12620192307692307
13 0.9302884615384616 0.2127403846153846 0.06490384615384616 0.11899038461538461
33 0.2932692307692308 0.44711538461538464 0.06009615384615385 0.15144230769230768
33 0.3545673076923077 0.44471153846153844 0.06129807692307692 0.15144230769230768
33 0.41346153846153844 0.44591346153846156 0.056490384615384616 0.15625
33 0.47596153846153844 0.44471153846153844 0.05889423076923077 0.15384615384615385
33 0.5384615384615384 0.44471153846153844 0.06850961538461539 0.15985576923076922
33 0.6021634615384616 0.44350961538461536 0.054086538461538464 0.15985576923076922
33 0.6598557692307693 0.44471153846153844 0.06370192307692307 0.15504807692307693
33 0.7235576923076923 0.44591346153846156 0.05889423076923077 0.16105769230769232
33 0.7860576923076923 0.44471153846153844 0.06370192307692307 0.15384615384615385
33 0.8509615384615384 0.44471153846153844 0.06370192307692307 0.15745192307692307
33 0.9158653846153846 0.44350961538461536 0.05889423076923077 0.15504807692307693
33 0.3293269230769231 0.6514423076923077 0.056490384615384616 0.1310096153846154
33 0.38822115384615385 0.6526442307692307 0.05889423076923077 0.1310096153846154
33 0.4423076923076923 0.6514423076923077 0.055288461538461536 0.12860576923076922
33 0.4951923076923077 0.65625 0.056490384615384616 0.1346153846153846
33 0.5516826923076923 0.6574519230769231 0.06009615384615385 0.13221153846153846
33 0.609375 0.6610576923076923 0.056490384615384616 0.1346153846153846
3 0.25841346153846156 0.859375 0.07451923076923077 0.1814903846153846
3 0.33533653846153844 0.8641826923076923 0.07932692307692307 0.18269230769230768
9 0.41346153846153844 0.8665865384615384 0.07692307692307693 0.18509615384615385