20 0.171875 0.2439903846153846 0.07692307692307693 0.14543269230769232
20 0.24519230769230768 0.24519230769230768 0.07451923076923077 0.14543269230769232
30 0.3137019230769231 0.24519230769230768 0.06129807692307692 0.1466346153846154
16 0.45913461538461536 0.25240384615384615 0.06490384615384616 0.13701923076923078
16 0.5276442307692307 0.2512019230769231 0.06971153846153846 0.13701923076923078
27 0.38822115384615385 0.4110576923076923 0.06610576923076923 0.13942307692307693
27 0.4675480769230769 0.4074519230769231 0.06971153846153846 0.1346153846153846
27 0.5396634615384616 0.4110576923076923 0.06850961538461539 0.14182692307692307
27 0.8257211538461539 0.41466346153846156 0.06971153846153846 0.1502403846153846
23 0.31971153846153844 0.5709134615384616 0.06610576923076923 0.13581730769230768
23 0.45552884615384615 0.5709134615384616 0.06490384615384616 0.12980769230769232
23 0.6033653846153846 0.5721153846153846 0.07451923076923077 0.12980769230769232
23 0.5228365384615384 0.7283653846153846 0.06610576923076923 0.1310096153846154
23 0.45552884615384615 0.7283653846153846 0.05889423076923077 0.1310096153846154
5 0.6646634615384616 0.7283653846153846 0.0733173076923077 0.14182692307692307
5 0.7403846153846154 0.7307692307692307 0.0733173076923077 0.13581730769230768
33 0.6021634615384616 0.2536057692307692 0.06850961538461539 0.1310096153846154
33 0.6742788461538461 0.25240384615384615 0.06370192307692307 0.13221153846153846