2 0.2548076923076923 0.20072115384615385 0.07932692307692307 0.12980769230769232
13 0.34134615384615385 0.203125 0.08413461538461539 0.12620192307692307
11 0.4230769230769231 0.20432692307692307 0.0733173076923077 0.125
8 0.5084134615384616 0.203125 0.08653846153846154 0.12620192307692307
10 0.5985576923076923 0.19951923076923078 0.08413461538461539 0.12620192307692307
29 0.6850961538461539 0.20072115384615385 0.0829326923076923 0.12259615384615384
29 0.7800480769230769 0.20072115384615385 0.0829326923076923 0.125
17 0.18389423076923078 0.40865384615384615 0.11057692307692307 0.17427884615384615
17 0.28365384615384615 0.40384615384615385 0.0889423076923077 0.16947115384615385
15 0.37259615384615385 0.4050480769230769 0.0829326923076923 0.16706730769230768
9 0.4579326923076923 0.4026442307692308 0.07692307692307693 0.17307692307692307
14 0.5360576923076923 0.40384615384615385 0.07692307692307693 0.16466346153846154
20 0.6850961538461539 0.40024038461538464 0.08413461538461539 0.16947115384615385
27 0.765625 0.39302884615384615 0.07692307692307693 0.18389423076923078
5 0.1971153846153846 0.5961538461538461 0.10216346153846154 0.15985576923076922
5 0.2956730769230769 0.59375 0.0889423076923077 0.15985576923076922
33 0.38100961538461536 0.5913461538461539 0.08413461538461539 0.15865384615384615
28 0.4579326923076923 0.5901442307692307 0.06971153846153846 0.1502403846153846
28 0.5288461538461539 0.5865384615384616 0.06370192307692307 0.15625
30 0.5949519230769231 0.5805288461538461 0.06129807692307692 0.1502403846153846
30 0.6598557692307693 0.5817307692307693 0.06129807692307692 0.15144230769230768
30 0.7295673076923077 0.5805288461538461 0.06370192307692307 0.15625
14 0.2247596153846154 0.7716346153846154 0.08413461538461539 0.14423076923076922
14 0.3076923076923077 0.7680288461538461 0.07692307692307693 0.13942307692307693
14 0.38822115384615385 0.7632211538461539 0.07211538461538461 0.13822115384615385
33 0.46634615384615385 0.7596153846153846 0.07451923076923077 0.13942307692307693
33 0.5444711538461539 0.7584134615384616 0.0733173076923077 0.13822115384615385
20 0.6213942307692307 0.7548076923076923 0.08173076923076923 0.13942307692307693
20 0.7043269230769231 0.7536057692307693 0.078125 0.14302884615384615
27 0.2403846153846154 0.9338942307692307 0.08774038461538461 0.12860576923076922
27 0.32091346153846156 0.9326923076923077 0.0733173076923077 0.13221153846153846
27 0.39783653846153844 0.9278846153846154 0.0733173076923077 0.12860576923076922
15 0.46634615384615385 0.9206730769230769 0.06370192307692307 0.12860576923076922
15 0.5348557692307693 0.9158653846153846 0.07211538461538461 0.1310096153846154
15 0.6033653846153846 0.9134615384615384 0.05889423076923077 0.12620192307692307
30 0.6610576923076923 0.9170673076923077 0.06009615384615385 0.12259615384615384
30 0.7247596153846154 0.9170673076923077 0.06490384615384616 0.12860576923076922