28 0.19110576923076922 0.22115384615384615 0.07692307692307693 0.21394230769230768
30 0.2620192307692308 0.21514423076923078 0.06971153846153846 0.20432692307692307
6 0.33052884615384615 0.21754807692307693 0.06129807692307692 0.19831730769230768
6 0.40024038461538464 0.21634615384615385 0.078125 0.21514423076923078
6 0.4807692307692308 0.21033653846153846 0.0829326923076923 0.2091346153846154
11 0.6322115384615384 0.24519230769230768 0.08173076923076923 0.13822115384615385
11 0.7103365384615384 0.24519230769230768 0.0733173076923077 0.13822115384615385
29 0.7860576923076923 0.24519230769230768 0.0829326923076923 0.14182692307692307
33 0.24278846153846154 0.5180288461538461 0.0733173076923077 0.16346153846153846
33 0.3137019230769231 0.5108173076923077 0.06850961538461539 0.15625
27 0.3786057692307692 0.49038461538461536 0.07451923076923077 0.18629807692307693
27 0.45072115384615385 0.49038461538461536 0.07451923076923077 0.18389423076923078
27 0.5264423076923077 0.49158653846153844 0.0733173076923077 0.18269230769230768
17 0.6045673076923077 0.49759615384615385 0.0829326923076923 0.17067307692307693
5 0.6875 0.49399038461538464 0.0733173076923077 0.1814903846153846
25 0.7620192307692307 0.4987980769230769 0.0733173076923077 0.17307692307692307
6 0.33533653846153844 0.7079326923076923 0.06129807692307692 0.15144230769230768
20 0.453125 0.71875 0.06370192307692307 0.15504807692307693
14 0.5168269230769231 0.7211538461538461 0.05889423076923077 0.15985576923076922
14 0.5817307692307693 0.7211538461538461 0.06129807692307692 0.1502403846153846
14 0.6442307692307693 0.7235576923076923 0.05889423076923077 0.15264423076923078
17 0.7079326923076923 0.7259615384615384 0.06610576923076923 0.15745192307692307