19 0.06370192307692307 0.22355769230769232 0.09735576923076923 0.1045673076923077
19 0.14903846153846154 0.2247596153846154 0.09254807692307693 0.09495192307692307
2 0.23798076923076922 0.22716346153846154 0.08413461538461539 0.10096153846153846
2 0.32091346153846156 0.22956730769230768 0.0889423076923077 0.09615384615384616
2 0.4110576923076923 0.23076923076923078 0.09134615384615384 0.09615384615384616
2 0.4963942307692308 0.22956730769230768 0.09254807692307693 0.09134615384615384
11 0.5817307692307693 0.2283653846153846 0.08774038461538461 0.09254807692307693
11 0.2403846153846154 0.43990384615384615 0.0889423076923077 0.09735576923076923
11 0.3245192307692308 0.4423076923076923 0.0889423076923077 0.10216346153846154
11 0.41346153846153844 0.4411057692307692 0.09375 0.09615384615384616
13 0.6574519230769231 0.23076923076923078 0.0889423076923077 0.09014423076923077
13 0.49399038461538464 0.4411057692307692 0.08413461538461539 0.09615384615384616
13 0.5757211538461539 0.43990384615384615 0.08774038461538461 0.0985576923076923
29 0.6610576923076923 0.4362980769230769 0.09254807692307693 0.09615384615384616
19 0.06971153846153846 0.4387019230769231 0.09735576923076923 0.09254807692307693
15 0.07451923076923077 0.6274038461538461 0.09975961538461539 0.15745192307692307
15 0.17427884615384615 0.6298076923076923 0.09254807692307693 0.16105769230769232
15 0.26802884615384615 0.6286057692307693 0.09254807692307693 0.1622596153846154
15 0.3557692307692308 0.625 0.09735576923076923 0.15745192307692307
15 0.4543269230769231 0.625 0.09975961538461539 0.15985576923076922
15 0.5432692307692307 0.6213942307692307 0.09735576923076923 0.15745192307692307
15 0.6370192307692307 0.6213942307692307 0.09615384615384616 0.16346153846153846
5 0.0733173076923077 0.8233173076923077 0.09735576923076923 0.14783653846153846
5 0.16947115384615385 0.8209134615384616 0.10216346153846154 0.15144230769230768
5 0.2704326923076923 0.8209134615384616 0.09735576923076923 0.15504807692307693
5 0.3629807692307692 0.8197115384615384 0.09735576923076923 0.14903846153846154
5 0.45913461538461536 0.8137019230769231 0.09375 0.14423076923076922
5 0.5540865384615384 0.8137019230769231 0.10216346153846154 0.14903846153846154
5 0.6490384615384616 0.8149038461538461 0.10216346153846154 0.15144230769230768