5 0.29086538461538464 0.3701923076923077 0.06490384615384616 0.27163461538461536
5 0.35697115384615385 0.3713942307692308 0.06370192307692307 0.27163461538461536
5 0.41947115384615385 0.36899038461538464 0.05889423076923077 0.27283653846153844
5 0.4807692307692308 0.37259615384615385 0.0625 0.26802884615384615
5 0.5420673076923077 0.3786057692307692 0.06009615384615385 0.26802884615384615
5 0.6057692307692307 0.3858173076923077 0.05889423076923077 0.2668269230769231
5 0.6682692307692307 0.3894230769230769 0.05889423076923077 0.27163461538461536
5 0.3088942307692308 0.8401442307692307 0.07451923076923077 0.3088942307692308
5 0.3798076923076923 0.8810096153846154 0.05889423076923077 0.23197115384615385
5 0.44591346153846156 0.8401442307692307 0.0673076923076923 0.31009615384615385
5 0.5324519230769231 0.8401442307692307 0.0733173076923077 0.31490384615384615
5 0.6201923076923077 0.8425480769230769 0.07091346153846154 0.29927884615384615