19 0.25240384615384615 0.3125 0.04447115384615385 0.06971153846153846
2 0.2980769230769231 0.3125 0.04447115384615385 0.06971153846153846
36 0.2548076923076923 0.4423076923076923 0.042067307692307696 0.07692307692307693
34 0.3425480769230769 0.3125 0.046875 0.06971153846153846
34 0.3858173076923077 0.3137019230769231 0.038461538461538464 0.06610576923076923
34 0.42908653846153844 0.31490384615384615 0.042067307692307696 0.06850961538461539
34 0.4723557692307692 0.31490384615384615 0.04447115384615385 0.06971153846153846
34 0.5192307692307693 0.31490384615384615 0.042067307692307696 0.07091346153846154
34 0.5625 0.31490384615384615 0.04567307692307692 0.06971153846153846
36 0.29927884615384615 0.44350961538461536 0.04567307692307692 0.08052884615384616
36 0.3401442307692308 0.4423076923076923 0.037259615384615384 0.07692307692307693
36 0.38461538461538464 0.4423076923076923 0.037259615384615384 0.07692307692307693
36 0.4266826923076923 0.43990384615384615 0.046875 0.08173076923076923
10 0.4735576923076923 0.4483173076923077 0.04447115384615385 0.06610576923076923
10 0.5168269230769231 0.4483173076923077 0.036057692307692304 0.07091346153846154
32 0.25961538461538464 0.5733173076923077 0.042067307692307696 0.10336538461538461
32 0.30288461538461536 0.5721153846153846 0.038461538461538464 0.09975961538461539
32 0.34134615384615385 0.5709134615384616 0.036057692307692304 0.1045673076923077
32 0.3786057692307692 0.5721153846153846 0.040865384615384616 0.10336538461538461
32 0.4182692307692308 0.5697115384615384 0.038461538461538464 0.10697115384615384
5 0.46153846153846156 0.5709134615384616 0.04567307692307692 0.10576923076923077
5 0.5096153846153846 0.5709134615384616 0.04447115384615385 0.11057692307692307
5 0.5564903846153846 0.5721153846153846 0.04447115384615385 0.11177884615384616
14 0.2620192307692308 0.6995192307692307 0.040865384615384616 0.1045673076923077
14 0.30528846153846156 0.6995192307692307 0.040865384615384616 0.10697115384615384
14 0.3449519230769231 0.703125 0.036057692307692304 0.10576923076923077
17 0.38221153846153844 0.7091346153846154 0.042067307692307696 0.08653846153846154
17 0.4230769230769231 0.7079326923076923 0.038461538461538464 0.09134615384615384
17 0.4651442307692308 0.7103365384615384 0.04927884615384615 0.09014423076923077
17 0.5120192307692307 0.7079326923076923 0.042067307692307696 0.09014423076923077
17 0.5540865384615384 0.7103365384615384 0.042067307692307696 0.09254807692307693