19 0.16947115384615385 0.34975961538461536 0.0889423076923077 0.1141826923076923
19 0.24879807692307693 0.3485576923076923 0.078125 0.10817307692307693
13 0.3233173076923077 0.34975961538461536 0.07692307692307693 0.11538461538461539
13 0.46875 0.3485576923076923 0.06971153846153846 0.11177884615384616
13 0.5408653846153846 0.3473557692307692 0.07692307692307693 0.10576923076923077
13 0.32091346153846156 0.5492788461538461 0.07451923076923077 0.10336538461538461
2 0.40024038461538464 0.34975961538461536 0.07451923076923077 0.11177884615384616
2 0.609375 0.3473557692307692 0.0733173076923077 0.11658653846153846
2 0.6790865384615384 0.3473557692307692 0.0733173076923077 0.10576923076923077
2 0.1778846153846154 0.5552884615384616 0.07692307692307693 0.1045673076923077
2 0.24879807692307693 0.5528846153846154 0.06850961538461539 0.10697115384615384
3 0.3954326923076923 0.5276442307692307 0.0733173076923077 0.14182692307692307
3 0.4699519230769231 0.5288461538461539 0.07211538461538461 0.14182692307692307
3 0.5372596153846154 0.5240384615384616 0.06971153846153846 0.13942307692307693
3 0.6033653846153846 0.5216346153846154 0.07451923076923077 0.13822115384615385
3 0.671875 0.5192307692307693 0.06850961538461539 0.14182692307692307
32 0.17908653846153846 0.7199519230769231 0.06009615384615385 0.13942307692307693
32 0.23677884615384615 0.7127403846153846 0.06610576923076923 0.1346153846153846
32 0.296875 0.7055288461538461 0.06009615384615385 0.1346153846153846
32 0.3581730769230769 0.7103365384615384 0.07211538461538461 0.13822115384615385
32 0.4206730769230769 0.7067307692307693 0.06490384615384616 0.13221153846153846
20 0.5336538461538461 0.6887019230769231 0.06370192307692307 0.13341346153846154
20 0.47836538461538464 0.6935096153846154 0.06129807692307692 0.13341346153846154
14 0.5961538461538461 0.6887019230769231 0.06971153846153846 0.12860576923076922
14 0.6526442307692307 0.6826923076923077 0.056490384615384616 0.12740384615384615