5 0.07211538461538461 0.12860576923076922 0.09134615384615384 0.14182692307692307
5 0.16947115384615385 0.12620192307692307 0.09615384615384616 0.14903846153846154
5 0.2668269230769231 0.12860576923076922 0.09735576923076923 0.14423076923076922
5 0.3605769230769231 0.13221153846153846 0.09134615384615384 0.14302884615384615
5 0.4519230769230769 0.1310096153846154 0.09134615384615384 0.14543269230769232
5 0.5492788461538461 0.13341346153846154 0.0889423076923077 0.14423076923076922
5 0.6598557692307693 0.13581730769230768 0.09134615384615384 0.14302884615384615
5 0.6634615384615384 0.3245192307692308 0.09375 0.1502403846153846
5 0.5600961538461539 0.328125 0.09254807692307693 0.15625
5 0.6694711538461539 0.53125 0.09975961538461539 0.15745192307692307
5 0.5745192307692307 0.5324519230769231 0.08413461538461539 0.15625
5 0.4831730769230769 0.5324519230769231 0.09134615384615384 0.15745192307692307
5 0.390625 0.5336538461538461 0.08653846153846154 0.15745192307692307
5 0.296875 0.53125 0.08653846153846154 0.15985576923076922
5 0.1935096153846154 0.5348557692307693 0.09375 0.15504807692307693
5 0.09375 0.5336538461538461 0.09134615384615384 0.16105769230769232
5 0.09375 0.9014423076923077 0.08653846153846154 0.1875
5 0.18509615384615385 0.8978365384615384 0.10576923076923077 0.1814903846153846
5 0.28725961538461536 0.8978365384615384 0.0889423076923077 0.18509615384615385
5 0.3798076923076923 0.8942307692307693 0.09254807692307693 0.1814903846153846
5 0.47716346153846156 0.8918269230769231 0.09975961538461539 0.18509615384615385
5 0.5841346153846154 0.8882211538461539 0.09735576923076923 0.1814903846153846
5 0.7043269230769231 0.8834134615384616 0.09975961538461539 0.17908653846153846
23 0.45913461538461536 0.33052884615384615 0.0829326923076923 0.14783653846153846
23 0.15985576923076922 0.3269230769230769 0.07692307692307693 0.14903846153846154
23 0.34615384615384615 0.3329326923076923 0.08774038461538461 0.1466346153846154