15 0.10336538461538461 0.29927884615384615 0.15504807692307693 0.24519230769230768
15 0.2536057692307692 0.29927884615384615 0.13341346153846154 0.24759615384615385
15 0.39663461538461536 0.29447115384615385 0.15985576923076922 0.24639423076923078
15 0.5637019230769231 0.2956730769230769 0.13942307692307693 0.24519230769230768
15 0.7127403846153846 0.2932692307692308 0.13221153846153846 0.23677884615384615
15 0.8653846153846154 0.2920673076923077 0.13942307692307693 0.2439903846153846
15 0.16947115384615385 0.7475961538461539 0.12860576923076922 0.21394230769230768
15 0.30528846153846156 0.7427884615384616 0.11899038461538461 0.2091346153846154
15 0.4338942307692308 0.7415865384615384 0.11899038461538461 0.21995192307692307
15 0.5637019230769231 0.7415865384615384 0.1201923076923077 0.2127403846153846
15 0.6947115384615384 0.7367788461538461 0.125 0.20552884615384615
15 0.8305288461538461 0.7355769230769231 0.13221153846153846 0.20793269230769232