19 0.06129807692307692 0.3173076923076923 0.06129807692307692 0.10576923076923077
19 0.12379807692307693 0.32211538461538464 0.055288461538461536 0.1045673076923077
2 0.22596153846153846 0.3269230769230769 0.051682692307692304 0.09615384615384616
2 0.2848557692307692 0.33052884615384615 0.051682692307692304 0.10096153846153846
13 0.38100961538461536 0.5456730769230769 0.04567307692307692 0.09254807692307693
29 0.5456730769230769 0.33653846153846156 0.056490384615384616 0.09375
29 0.5997596153846154 0.33774038461538464 0.051682692307692304 0.09975961538461539
29 0.6514423076923077 0.33774038461538464 0.05048076923076923 0.10216346153846154
29 0.5733173076923077 0.5444711538461539 0.05048076923076923 0.09014423076923077
25 0.6682692307692307 0.5288461538461539 0.055288461538461536 0.125
25 0.7211538461538461 0.5288461538461539 0.046875 0.12139423076923077
3 0.5997596153846154 0.6887019230769231 0.04567307692307692 0.11538461538461539
5 0.7391826923076923 0.6923076923076923 0.05048076923076923 0.11177884615384616
20 0.1346153846153846 0.8617788461538461 0.07932692307692307 0.15745192307692307
20 0.2127403846153846 0.8653846153846154 0.07451923076923077 0.16466346153846154
20 0.2824519230769231 0.8641826923076923 0.06490384615384616 0.15985576923076922
20 0.35336538461538464 0.8629807692307693 0.06370192307692307 0.16346153846153846
3 0.4254807692307692 0.8617788461538461 0.06490384615384616 0.16826923076923078
3 0.4963942307692308 0.8617788461538461 0.06370192307692307 0.16346153846153846