3 0.31490384615384615 0.10336538461538461 0.09375 0.20552884615384615
3 0.4026442307692308 0.1045673076923077 0.08653846153846154 0.20793269230769232
3 0.49038461538461536 0.10336538461538461 0.09615384615384616 0.20673076923076922
3 0.578125 0.10096153846153846 0.0829326923076923 0.20192307692307693
3 0.6610576923076923 0.10096153846153846 0.09615384615384616 0.19951923076923078
27 0.75 0.0985576923076923 0.08653846153846154 0.19591346153846154
27 0.8509615384615384 0.10096153846153846 0.10697115384615384 0.19591346153846154
27 0.33533653846153844 0.37740384615384615 0.0829326923076923 0.20793269230769232
27 0.4110576923076923 0.3713942307692308 0.07932692307692307 0.19951923076923078
27 0.49158653846153844 0.3737980769230769 0.08774038461538461 0.20192307692307693
27 0.359375 0.6045673076923077 0.078125 0.17668269230769232
27 0.43028846153846156 0.6021634615384616 0.0733173076923077 0.17908653846153846
27 0.6598557692307693 0.6057692307692307 0.08774038461538461 0.1814903846153846
27 0.7403846153846154 0.6081730769230769 0.07451923076923077 0.18269230769230768
15 0.5697115384615384 0.38221153846153844 0.08653846153846154 0.19230769230769232
15 0.6466346153846154 0.3798076923076923 0.07932692307692307 0.1875
15 0.5504807692307693 0.7944711538461539 0.06971153846153846 0.14423076923076922
15 0.6165865384615384 0.7980769230769231 0.07692307692307693 0.14543269230769232
15 0.7247596153846154 0.7956730769230769 0.06370192307692307 0.14182692307692307
15 0.7896634615384616 0.8040865384615384 0.07211538461538461 0.14783653846153846
14 0.5024038461538461 0.609375 0.07211538461538461 0.16105769230769232
14 0.5793269230769231 0.6141826923076923 0.08173076923076923 0.16706730769230768
14 0.359375 0.796875 0.06850961538461539 0.1466346153846154
14 0.4206730769230769 0.7992788461538461 0.06610576923076923 0.14543269230769232
14 0.4879807692307692 0.7956730769230769 0.06850961538461539 0.14302884615384615
25 0.8125 0.6237980769230769 0.08173076923076923 0.18990384615384615
3 0.7295673076923077 0.3786057692307692 0.0829326923076923 0.18509615384615385
3 0.8257211538461539 0.38221153846153844 0.09735576923076923 0.18629807692307693