19 0.10216346153846154 0.18870192307692307 0.12860576923076922 0.14783653846153846
19 0.21995192307692307 0.18990384615384615 0.125 0.13822115384615385
10 0.33413461538461536 0.19591346153846154 0.11899038461538461 0.13942307692307693
10 0.42908653846153844 0.19951923076923078 0.09134615384615384 0.1310096153846154
11 0.5288461538461539 0.20552884615384615 0.1045673076923077 0.13341346153846154
11 0.6334134615384616 0.20552884615384615 0.10216346153846154 0.12740384615384615
29 0.7355769230769231 0.20673076923076922 0.10576923076923077 0.1310096153846154
29 0.8425480769230769 0.21394230769230768 0.109375 0.13221153846153846
20 0.1201923076923077 0.42908653846153844 0.11057692307692307 0.20072115384615385
20 0.234375 0.42788461538461536 0.12139423076923077 0.19230769230769232
3 0.3425480769230769 0.42908653846153844 0.10576923076923077 0.18990384615384615
3 0.4483173076923077 0.42908653846153844 0.11658653846153846 0.1875
3 0.5564903846153846 0.43149038461538464 0.09975961538461539 0.1814903846153846
3 0.6442307692307693 0.42788461538461536 0.078125 0.18269230769230768
3 0.7331730769230769 0.43149038461538464 0.10697115384615384 0.1778846153846154
3 0.8329326923076923 0.43149038461538464 0.0889423076923077 0.1778846153846154
25 0.12139423076923077 0.6646634615384616 0.11538461538461539 0.1814903846153846
25 0.2247596153846154 0.65625 0.1045673076923077 0.16947115384615385
15 0.3269230769230769 0.6634615384615384 0.10096153846153846 0.15504807692307693
15 0.4230769230769231 0.6634615384615384 0.09375 0.15384615384615385
15 0.5132211538461539 0.6574519230769231 0.09735576923076923 0.1502403846153846
30 0.5997596153846154 0.6454326923076923 0.08774038461538461 0.16105769230769232
30 0.6875 0.6454326923076923 0.08173076923076923 0.1658653846153846
30 0.7896634615384616 0.6442307692307693 0.09615384615384616 0.17067307692307693
27 0.16105769230769232 0.8509615384615384 0.1045673076923077 0.1502403846153846
27 0.26802884615384615 0.8497596153846154 0.109375 0.15384615384615385
27 0.36538461538461536 0.8425480769230769 0.10216346153846154 0.15264423076923078
27 0.46634615384615385 0.8365384615384616 0.1045673076923077 0.14423076923076922
5 0.5685096153846154 0.8317307692307693 0.10096153846153846 0.14543269230769232
5 0.6622596153846154 0.8293269230769231 0.09254807692307693 0.13942307692307693
33 0.75 0.8269230769230769 0.09134615384615384 0.13341346153846154