20 0.08173076923076923 0.20673076923076922 0.08173076923076923 0.20072115384615385
30 0.1658653846153846 0.20072115384615385 0.08173076923076923 0.20793269230769232
20 0.24759615384615385 0.203125 0.07451923076923077 0.20673076923076922
20 0.3293269230769231 0.20192307692307693 0.08653846153846154 0.20552884615384615
30 0.41346153846153844 0.19831730769230768 0.06850961538461539 0.21033653846153846
25 0.4951923076923077 0.1971153846153846 0.0889423076923077 0.20793269230769232
25 0.5817307692307693 0.1971153846153846 0.0829326923076923 0.21153846153846154
20 0.6754807692307693 0.19471153846153846 0.07692307692307693 0.21153846153846154
5 0.15504807692307693 0.4519230769230769 0.09254807692307693 0.1778846153846154
5 0.24278846153846154 0.4495192307692308 0.078125 0.18028846153846154
5 0.3233173076923077 0.4495192307692308 0.08173076923076923 0.17908653846153846
15 0.39302884615384615 0.46153846153846156 0.056490384615384616 0.15384615384615385
15 0.4579326923076923 0.4639423076923077 0.06610576923076923 0.1466346153846154
15 0.5264423076923077 0.46153846153846156 0.06370192307692307 0.15384615384615385
15 0.5913461538461539 0.46274038461538464 0.06850961538461539 0.1466346153846154
15 0.6598557692307693 0.46033653846153844 0.054086538461538464 0.15384615384615385
33 0.23317307692307693 0.6502403846153846 0.07692307692307693 0.14182692307692307
33 0.3076923076923077 0.6514423076923077 0.06850961538461539 0.14302884615384615
33 0.3798076923076923 0.6502403846153846 0.0733173076923077 0.14783653846153846
30 0.453125 0.6514423076923077 0.06370192307692307 0.13942307692307693
30 0.5817307692307693 0.6490384615384616 0.056490384615384616 0.1466346153846154
25 0.5144230769230769 0.6490384615384616 0.06370192307692307 0.1466346153846154
27 0.6442307692307693 0.6490384615384616 0.06370192307692307 0.15264423076923078