31 0.40865384615384615 0.24639423076923078 0.054086538461538464 0.10576923076923077
11 0.22716346153846154 0.24639423076923078 0.06370192307692307 0.11658653846153846
11 0.28966346153846156 0.24759615384615385 0.06370192307692307 0.11298076923076923
31 0.21514423076923078 0.12379807692307693 0.06610576923076923 0.12259615384615384
2 0.46875 0.24759615384615385 0.056490384615384616 0.10576923076923077
2 0.5264423076923077 0.24759615384615385 0.051682692307692304 0.10697115384615384
29 0.5865384615384616 0.24519230769230768 0.054086538461538464 0.11177884615384616
13 0.6442307692307693 0.24519230769230768 0.054086538461538464 0.1141826923076923
13 0.7043269230769231 0.2439903846153846 0.05889423076923077 0.11298076923076923
19 0.7728365384615384 0.2439903846153846 0.05889423076923077 0.11298076923076923
18 0.25240384615384615 0.43028846153846156 0.055288461538461536 0.13942307692307693
18 0.31490384615384615 0.4254807692307692 0.06610576923076923 0.14423076923076922
18 0.3786057692307692 0.42908653846153844 0.056490384615384616 0.14302884615384615
18 0.43990384615384615 0.43028846153846156 0.06610576923076923 0.14783653846153846
27 0.5841346153846154 0.4206730769230769 0.055288461538461536 0.15264423076923078
27 0.6430288461538461 0.4230769230769231 0.054086538461538464 0.15985576923076922
27 0.7043269230769231 0.4206730769230769 0.05048076923076923 0.15745192307692307
27 0.765625 0.4182692307692308 0.056490384615384616 0.15504807692307693
25 0.27884615384615385 0.6201923076923077 0.056490384615384616 0.12860576923076922
25 0.3329326923076923 0.6177884615384616 0.046875 0.12259615384615384
3 0.3870192307692308 0.6165865384615384 0.04927884615384615 0.12740384615384615
3 0.4387019230769231 0.6165865384615384 0.046875 0.12620192307692307
14 0.4891826923076923 0.6201923076923077 0.04927884615384615 0.12379807692307693
14 0.5432692307692307 0.6201923076923077 0.04567307692307692 0.12139423076923077
14 0.5973557692307693 0.6213942307692307 0.046875 0.12740384615384615
14 0.6502403846153846 0.6177884615384616 0.04567307692307692 0.12379807692307693
32 0.6947115384615384 0.6165865384615384 0.04447115384615385 0.11899038461538461
32 0.7403846153846154 0.6165865384615384 0.042067307692307696 0.12379807692307693
33 0.28846153846153844 0.8545673076923077 0.06610576923076923 0.15384615384615385
9 0.36538461538461536 0.8353365384615384 0.06971153846153846 0.18629807692307693
12 0.4411057692307692 0.8341346153846154 0.06850961538461539 0.18269230769230768
14 0.5168269230769231 0.8329326923076923 0.06850961538461539 0.1814903846153846
14 0.5925480769230769 0.8329326923076923 0.06971153846153846 0.1814903846153846
14 0.6682692307692307 0.8389423076923077 0.06490384615384616 0.1875
14 0.7319711538461539 0.8149038461538461 0.051682692307692304 0.17908653846153846