16 0.22355769230769232 0.5036057692307693 0.0829326923076923 0.17307692307692307
16 0.30288461538461536 0.5108173076923077 0.07211538461538461 0.18028846153846154
16 0.38822115384615385 0.5168269230769231 0.09254807692307693 0.18629807692307693
16 0.4807692307692308 0.5240384615384616 0.09254807692307693 0.18389423076923078
16 0.5745192307692307 0.5324519230769231 0.07932692307692307 0.18629807692307693
16 0.671875 0.5396634615384616 0.09134615384615384 0.19230769230769232
16 0.6213942307692307 0.8737980769230769 0.08173076923076923 0.1658653846153846
16 0.5360576923076923 0.8677884615384616 0.0733173076923077 0.16466346153846154
16 0.453125 0.8557692307692307 0.0733173076923077 0.15625
16 0.37740384615384615 0.8509615384615384 0.06129807692307692 0.1466346153846154
16 0.30288461538461536 0.8401442307692307 0.06370192307692307 0.13822115384615385
16 0.22716346153846154 0.8305288461538461 0.06610576923076923 0.13822115384615385