15 0.16826923076923078 0.32091346153846156 0.14423076923076922 0.21875
15 0.3173076923076923 0.3233173076923077 0.13701923076923078 0.21875
15 0.46153846153846156 0.3233173076923077 0.1466346153846154 0.22115384615384615
15 0.6057692307692307 0.32091346153846156 0.1346153846153846 0.22596153846153846
15 0.7512019230769231 0.32211538461538464 0.14302884615384615 0.22355769230769232
15 0.9026442307692307 0.32091346153846156 0.14302884615384615 0.22355769230769232
15 0.8377403846153846 0.7175480769230769 0.109375 0.16706730769230768
15 0.7199519230769231 0.7091346153846154 0.11538461538461539 0.17067307692307693
15 0.5985576923076923 0.7067307692307693 0.11658653846153846 0.17427884615384615
15 0.48197115384615385 0.7019230769230769 0.09615384615384616 0.16466346153846154
15 0.3713942307692308 0.6983173076923077 0.11538461538461539 0.17307692307692307
15 0.25240384615384615 0.6935096153846154 0.10576923076923077 0.17307692307692307