33 0.18028846153846154 0.2704326923076923 0.09134615384615384 0.18870192307692307
33 0.2620192307692308 0.2644230769230769 0.07692307692307693 0.1875
25 0.3449519230769231 0.24879807692307693 0.08653846153846154 0.20192307692307693
25 0.43028846153846156 0.24879807692307693 0.07692307692307693 0.21033653846153846
30 0.5108173076923077 0.24158653846153846 0.0733173076923077 0.2127403846153846
15 0.5961538461538461 0.24158653846153846 0.08774038461538461 0.20072115384615385
15 0.6875 0.23918269230769232 0.0829326923076923 0.20552884615384615
15 0.7692307692307693 0.23557692307692307 0.07451923076923077 0.20192307692307693
33 0.22235576923076922 0.5084134615384616 0.0829326923076923 0.15625
33 0.3004807692307692 0.5060096153846154 0.06850961538461539 0.14783653846153846
30 0.36778846153846156 0.49158653846153844 0.07692307692307693 0.17548076923076922
25 0.4423076923076923 0.49038461538461536 0.078125 0.15865384615384615
15 0.515625 0.4807692307692308 0.06129807692307692 0.16466346153846154
15 0.5793269230769231 0.47596153846153844 0.06370192307692307 0.15745192307692307
17 0.6514423076923077 0.4723557692307692 0.06971153846153846 0.16105769230769232
17 0.7247596153846154 0.46634615384615385 0.07451923076923077 0.16346153846153846
5 0.2920673076923077 0.6862980769230769 0.07692307692307693 0.13701923076923078
5 0.36538461538461536 0.6778846153846154 0.07451923076923077 0.13701923076923078
5 0.4375 0.6742788461538461 0.06129807692307692 0.13581730769230768
5 0.5048076923076923 0.6670673076923077 0.06370192307692307 0.13701923076923078
5 0.5745192307692307 0.6634615384615384 0.06129807692307692 0.13221153846153846
5 0.640625 0.6598557692307693 0.06490384615384616 0.13341346153846154
5 0.7139423076923077 0.6526442307692307 0.07211538461538461 0.12980769230769232
5 0.3173076923076923 0.8401442307692307 0.06490384615384616 0.11538461538461539
5 0.38341346153846156 0.8377403846153846 0.06610576923076923 0.11899038461538461
5 0.4483173076923077 0.8305288461538461 0.06490384615384616 0.11778846153846154
5 0.5120192307692307 0.8221153846153846 0.06490384615384616 0.11177884615384616
5 0.5745192307692307 0.8185096153846154 0.06009615384615385 0.11057692307692307
5 0.6334134615384616 0.8088942307692307 0.056490384615384616 0.11298076923076923
5 0.6971153846153846 0.8064903846153846 0.06370192307692307 0.1141826923076923