19 0.12259615384615384 0.30288461538461536 0.11899038461538461 0.13822115384615385
19 0.22956730769230768 0.30288461538461536 0.09615384615384616 0.13942307692307693
19 0.33413461538461536 0.30288461538461536 0.109375 0.13942307692307693
2 0.4411057692307692 0.30408653846153844 0.10697115384615384 0.13701923076923078
2 0.5432692307692307 0.30408653846153844 0.10096153846153846 0.13701923076923078
3 0.6466346153846154 0.2644230769230769 0.109375 0.21754807692307693
16 0.7644230769230769 0.27884615384615385 0.12740384615384615 0.19230769230769232
13 0.9278846153846154 0.26802884615384615 0.1141826923076923 0.21514423076923078
3 0.16706730769230768 0.5721153846153846 0.10216346153846154 0.18629807692307693
3 0.2692307692307692 0.5733173076923077 0.09615384615384616 0.18629807692307693
3 0.36778846153846156 0.5745192307692307 0.10216346153846154 0.1875
3 0.4735576923076923 0.5757211538461539 0.10096153846153846 0.19471153846153846
3 0.5733173076923077 0.578125 0.10576923076923077 0.19110576923076922
25 0.6742788461538461 0.5805288461538461 0.0889423076923077 0.19951923076923078
33 0.7824519230769231 0.5829326923076923 0.1141826923076923 0.19230769230769232
16 0.890625 0.5949519230769231 0.09615384615384616 0.17427884615384615
5 0.18028846153846154 0.7884615384615384 0.1141826923076923 0.17548076923076922
5 0.28966346153846156 0.7932692307692307 0.10576923076923077 0.18269230769230768
5 0.3894230769230769 0.7980769230769231 0.09615384615384616 0.18509615384615385
5 0.48677884615384615 0.8028846153846154 0.09375 0.19230769230769232
5 0.5889423076923077 0.8088942307692307 0.11057692307692307 0.1875
5 0.7079326923076923 0.8125 0.10576923076923077 0.19471153846153846
30 0.8125 0.8076923076923077 0.09975961538461539 0.18269230769230768
3 0.9098557692307693 0.8233173076923077 0.08653846153846154 0.18509615384615385