15 0.21514423076923078 0.40384615384615385 0.07451923076923077 0.15985576923076922
36 0.2860576923076923 0.4110576923076923 0.07451923076923077 0.14423076923076922
36 0.35336538461538464 0.4110576923076923 0.06009615384615385 0.14423076923076922
36 0.41346153846153844 0.40865384615384615 0.06009615384615385 0.14903846153846154
11 0.4831730769230769 0.41947115384615385 0.07211538461538461 0.1310096153846154
11 0.546875 0.41586538461538464 0.06370192307692307 0.1310096153846154
11 0.6117788461538461 0.41225961538461536 0.06610576923076923 0.13221153846153846
11 0.6826923076923077 0.4110576923076923 0.06610576923076923 0.11899038461538461
6 0.24759615384615385 0.6021634615384616 0.0733173076923077 0.15985576923076922
6 0.3173076923076923 0.5973557692307693 0.06610576923076923 0.15745192307692307
33 0.38461538461538464 0.6033653846153846 0.06009615384615385 0.14423076923076922
5 0.4495192307692308 0.5973557692307693 0.06370192307692307 0.16105769230769232
5 0.5144230769230769 0.5973557692307693 0.06370192307692307 0.1658653846153846
5 0.5865384615384616 0.5913461538461539 0.06490384615384616 0.15745192307692307
30 0.6598557692307693 0.5901442307692307 0.06129807692307692 0.15865384615384615
30 0.7247596153846154 0.5925480769230769 0.05889423076923077 0.16346153846153846
30 0.2764423076923077 0.7872596153846154 0.051682692307692304 0.14543269230769232
25 0.3329326923076923 0.7872596153846154 0.06129807692307692 0.13942307692307693
25 0.3954326923076923 0.7872596153846154 0.06009615384615385 0.13942307692307693
25 0.4579326923076923 0.7836538461538461 0.06009615384615385 0.13701923076923078
25 0.5168269230769231 0.7836538461538461 0.06490384615384616 0.14182692307692307
27 0.5841346153846154 0.7800480769230769 0.06490384615384616 0.14302884615384615
27 0.6466346153846154 0.7788461538461539 0.056490384615384616 0.15144230769230768
27 0.7079326923076923 0.7764423076923077 0.056490384615384616 0.15144230769230768