25 0.22716346153846154 0.13942307692307693 0.0829326923076923 0.21754807692307693
25 0.3137019230769231 0.14302884615384615 0.08413461538461539 0.2127403846153846
25 0.39903846153846156 0.1466346153846154 0.07932692307692307 0.2127403846153846
25 0.4855769230769231 0.14783653846153846 0.07932692307692307 0.20673076923076922
25 0.5721153846153846 0.15264423076923078 0.078125 0.21394230769230768
25 0.6514423076923077 0.15384615384615385 0.0829326923076923 0.2091346153846154
27 0.7536057692307693 0.14783653846153846 0.09615384615384616 0.23197115384615385
25 0.1935096153846154 0.4014423076923077 0.06490384615384616 0.19591346153846154
25 0.2692307692307692 0.4050480769230769 0.08653846153846154 0.20673076923076922
25 0.35336538461538464 0.40865384615384615 0.08173076923076923 0.19951923076923078
25 0.43028846153846156 0.4182692307692308 0.06009615384615385 0.20552884615384615
25 0.5096153846153846 0.4254807692307692 0.07932692307692307 0.20552884615384615
25 0.5865384615384616 0.4230769230769231 0.0733173076923077 0.20192307692307693
27 0.6634615384615384 0.41346153846153844 0.08173076923076923 0.21153846153846154
27 0.7560096153846154 0.41586538461538464 0.09375 0.21754807692307693
27 0.7079326923076923 0.6598557692307693 0.07932692307692307 0.21394230769230768
27 0.6237980769230769 0.6526442307692307 0.08653846153846154 0.21153846153846154
30 0.19110576923076922 0.6454326923076923 0.07932692307692307 0.20432692307692307
30 0.2668269230769231 0.6538461538461539 0.06850961538461539 0.20793269230769232
30 0.33533653846153844 0.6502403846153846 0.06610576923076923 0.20673076923076922
30 0.4074519230769231 0.65625 0.06370192307692307 0.21514423076923078
30 0.4723557692307692 0.6538461538461539 0.06009615384615385 0.2091346153846154
30 0.5384615384615384 0.6574519230769231 0.06610576923076923 0.21995192307692307
25 0.1971153846153846 0.8605769230769231 0.07451923076923077 0.17668269230769232
25 0.27163461538461536 0.8629807692307693 0.07211538461538461 0.17668269230769232
25 0.34615384615384615 0.8653846153846154 0.07211538461538461 0.18389423076923078
27 0.421875 0.8641826923076923 0.07692307692307693 0.18269230769230768
27 0.5 0.8713942307692307 0.0829326923076923 0.18269230769230768
30 0.6274038461538461 0.8762019230769231 0.06971153846153846 0.16346153846153846
30 0.6947115384615384 0.8737980769230769 0.06850961538461539 0.16826923076923078