20 0.17668269230769232 0.3016826923076923 0.054086538461538464 0.12860576923076922
20 0.23197115384615385 0.30528846153846156 0.056490384615384616 0.125
3 0.28846153846153844 0.3076923076923077 0.056490384615384616 0.12620192307692307
3 0.34375 0.3088942307692308 0.056490384615384616 0.12860576923076922
14 0.4014423076923077 0.3112980769230769 0.055288461538461536 0.12620192307692307
14 0.45552884615384615 0.31490384615384615 0.046875 0.11899038461538461
17 0.5 0.3233173076923077 0.04447115384615385 0.10576923076923077
17 0.5492788461538461 0.3245192307692308 0.04567307692307692 0.11177884615384616
6 0.17548076923076922 0.5192307692307693 0.05889423076923077 0.12980769230769232
36 0.23197115384615385 0.5336538461538461 0.04567307692307692 0.1045673076923077
27 0.2848557692307692 0.515625 0.054086538461538464 0.13341346153846154
17 0.33533653846153844 0.53125 0.05048076923076923 0.11298076923076923
33 0.3858173076923077 0.5276442307692307 0.055288461538461536 0.11177884615384616
25 0.4375 0.5216346153846154 0.04567307692307692 0.11778846153846154
5 0.4891826923076923 0.5192307692307693 0.051682692307692304 0.12259615384615384
5 0.5396634615384616 0.5192307692307693 0.04927884615384615 0.1201923076923077
5 0.17427884615384615 0.7223557692307693 0.05889423076923077 0.12980769230769232
3 0.23197115384615385 0.7199519230769231 0.054086538461538464 0.125
27 0.2920673076923077 0.7175480769230769 0.06009615384615385 0.13341346153846154
27 0.3449519230769231 0.7175480769230769 0.04927884615384615 0.13341346153846154
27 0.39783653846153844 0.7139423076923077 0.055288461538461536 0.1310096153846154
25 0.453125 0.7175480769230769 0.04927884615384615 0.12139423076923077
25 0.5060096153846154 0.7163461538461539 0.055288461538461536 0.12259615384615384
17 0.16706730769230768 0.9338942307692307 0.054086538461538464 0.11538461538461539
17 0.21875 0.9314903846153846 0.046875 0.11899038461538461
3 0.27163461538461536 0.9242788461538461 0.04567307692307692 0.12379807692307693
3 0.3245192307692308 0.9194711538461539 0.054086538461538464 0.125
3 0.37259615384615385 0.9146634615384616 0.04567307692307692 0.11899038461538461
14 0.4206730769230769 0.9110576923076923 0.046875 0.12740384615384615
14 0.46634615384615385 0.9086538461538461 0.04567307692307692 0.12860576923076922
14 0.5180288461538461 0.9038461538461539 0.05048076923076923 0.12620192307692307