13 0.13221153846153846 0.18389423076923078 0.07211538461538461 0.13581730769230768
29 0.19831730769230768 0.18389423076923078 0.078125 0.12860576923076922
29 0.2692307692307692 0.18990384615384615 0.07692307692307693 0.12860576923076922
19 0.33413461538461536 0.1935096153846154 0.06370192307692307 0.12980769230769232
19 0.39302884615384615 0.1971153846153846 0.06610576923076923 0.12379807692307693
19 0.45913461538461536 0.20432692307692307 0.06850961538461539 0.12620192307692307
2 0.5228365384615384 0.2091346153846154 0.06370192307692307 0.12980769230769232
2 0.5793269230769231 0.21514423076923078 0.055288461538461536 0.13581730769230768
2 0.6418269230769231 0.21754807692307693 0.06971153846153846 0.125
33 0.14423076923076922 0.4182692307692308 0.08173076923076923 0.15264423076923078
25 0.2127403846153846 0.41346153846153844 0.06971153846153846 0.15625
25 0.28125 0.41586538461538464 0.07211538461538461 0.1622596153846154
25 0.35336538461538464 0.4230769230769231 0.06850961538461539 0.15985576923076922
25 0.41586538461538464 0.41947115384615385 0.06490384615384616 0.15384615384615385
20 0.47836538461538464 0.4254807692307692 0.06129807692307692 0.15504807692307693
20 0.5408653846153846 0.42908653846153844 0.06009615384615385 0.15865384615384615
20 0.6045673076923077 0.43028846153846156 0.05889423076923077 0.15865384615384615
15 0.13942307692307693 0.6262019230769231 0.07692307692307693 0.12740384615384615
15 0.20552884615384615 0.6274038461538461 0.056490384615384616 0.12980769230769232
30 0.2620192307692308 0.6201923076923077 0.05889423076923077 0.13701923076923078
30 0.31850961538461536 0.6165865384615384 0.04567307692307692 0.13942307692307693
5 0.375 0.6201923076923077 0.06610576923076923 0.13822115384615385
5 0.1622596153846154 0.7824519230769231 0.05889423076923077 0.13581730769230768
5 0.21754807692307693 0.7908653846153846 0.05889423076923077 0.1310096153846154
5 0.27524038461538464 0.7908653846153846 0.055288461538461536 0.13341346153846154
5 0.3329326923076923 0.7920673076923077 0.05889423076923077 0.1310096153846154
5 0.39663461538461536 0.7920673076923077 0.06490384615384616 0.12860576923076922
15 0.46274038461538464 0.7860576923076923 0.06009615384615385 0.14182692307692307
15 0.5360576923076923 0.7872596153846154 0.06610576923076923 0.14302884615384615
27 0.44471153846153844 0.6189903846153846 0.06610576923076923 0.14783653846153846
27 0.5072115384615384 0.6225961538461539 0.05889423076923077 0.15264423076923078
27 0.5709134615384616 0.6274038461538461 0.06490384615384616 0.15144230769230768