16 0.19591346153846154 0.5456730769230769 0.17427884615384615 0.33653846153846156
16 0.37740384615384615 0.5480769230769231 0.15625 0.32572115384615385
16 0.5408653846153846 0.546875 0.15264423076923078 0.32091346153846156
16 0.6598557692307693 0.5084134615384616 0.06971153846153846 0.21634615384615385
16 0.7487980769230769 0.5060096153846154 0.0733173076923077 0.20673076923076922
30 0.8197115384615384 0.47836538461538464 0.055288461538461536 0.19471153846153846
27 0.9483173076923077 0.49158653846153844 0.08653846153846154 0.22355769230769232
27 0.7331730769230769 0.7584134615384616 0.078125 0.18870192307692307
27 0.8317307692307693 0.7620192307692307 0.07932692307692307 0.19951923076923078
33 0.20673076923076922 0.8052884615384616 0.1045673076923077 0.16346153846153846
33 0.3088942307692308 0.7776442307692307 0.08774038461538461 0.13581730769230768
20 0.515625 0.7680288461538461 0.07451923076923077 0.12620192307692307
20 0.6009615384615384 0.765625 0.07692307692307693 0.11899038461538461
20 0.9206730769230769 0.7596153846153846 0.07451923076923077 0.17908653846153846
2 0.17307692307692307 0.18990384615384615 0.10216346153846154 0.0985576923076923
2 0.27884615384615385 0.18870192307692307 0.09615384615384616 0.1045673076923077
19 0.16105769230769232 0.06129807692307692 0.11057692307692307 0.12259615384615384
19 0.27283653846153844 0.06370192307692307 0.109375 0.12620192307692307
2 0.3762019230769231 0.06610576923076923 0.09134615384615384 0.13221153846153846
2 0.4735576923076923 0.0673076923076923 0.09975961538461539 0.1346153846153846
29 0.3798076923076923 0.18870192307692307 0.10216346153846154 0.1045673076923077
29 0.47836538461538464 0.18990384615384615 0.0889423076923077 0.10697115384615384
13 0.5769230769230769 0.19110576923076922 0.10216346153846154 0.10576923076923077
13 0.6875 0.22115384615384615 0.09254807692307693 0.17548076923076922