16 0.17067307692307693 0.39783653846153844 0.10697115384615384 0.2091346153846154
16 0.27524038461538464 0.39663461538461536 0.10216346153846154 0.20552884615384615
16 0.38461538461538464 0.3942307692307692 0.10576923076923077 0.21394230769230768
16 0.5024038461538461 0.3942307692307692 0.10096153846153846 0.2127403846153846
16 0.609375 0.390625 0.09254807692307693 0.21394230769230768
16 0.7175480769230769 0.39302884615384615 0.11177884615384616 0.21394230769230768
16 0.23197115384615385 0.7848557692307693 0.09615384615384616 0.1778846153846154
16 0.3269230769230769 0.7800480769230769 0.09134615384615384 0.18389423076923078
16 0.41586538461538464 0.78125 0.08413461538461539 0.18509615384615385
16 0.5108173076923077 0.796875 0.0733173076923077 0.15865384615384615
16 0.5961538461538461 0.7908653846153846 0.06971153846153846 0.15745192307692307
16 0.6778846153846154 0.7920673076923077 0.08173076923076923 0.16346153846153846