19 0.18509615384615385 0.1658653846153846 0.09134615384615384 0.1310096153846154
19 0.26802884615384615 0.1658653846153846 0.08774038461538461 0.12980769230769232
22 0.35096153846153844 0.16826923076923078 0.08413461538461539 0.12980769230769232
22 0.5264423076923077 0.16706730769230768 0.08653846153846154 0.11778846153846154
29 0.4387019230769231 0.16947115384615385 0.09134615384615384 0.12139423076923077
11 0.6081730769230769 0.16947115384615385 0.08413461538461539 0.12139423076923077
11 0.6971153846153846 0.17067307692307693 0.0889423076923077 0.11899038461538461
11 0.7824519230769231 0.17548076923076922 0.09134615384615384 0.12379807692307693
33 0.24278846153846154 0.34615384615384615 0.09735576923076923 0.17427884615384615
33 0.33774038461538464 0.34615384615384615 0.08653846153846154 0.16466346153846154
14 0.421875 0.3485576923076923 0.0889423076923077 0.15985576923076922
27 0.5084134615384616 0.3485576923076923 0.08774038461538461 0.18389423076923078
27 0.59375 0.3485576923076923 0.09615384615384616 0.17908653846153846
25 0.6814903846153846 0.3557692307692308 0.08413461538461539 0.16105769230769232
25 0.7692307692307693 0.3545673076923077 0.09134615384615384 0.16466346153846154
17 0.21033653846153846 0.5324519230769231 0.08774038461538461 0.15865384615384615
15 0.28846153846153844 0.5336538461538461 0.07932692307692307 0.15384615384615385
15 0.3701923076923077 0.5348557692307693 0.08653846153846154 0.15865384615384615
5 0.45552884615384615 0.5336538461538461 0.08774038461538461 0.1622596153846154
5 0.5360576923076923 0.5336538461538461 0.0829326923076923 0.1622596153846154
30 0.6153846153846154 0.5348557692307693 0.07692307692307693 0.14903846153846154
30 0.6850961538461539 0.5360576923076923 0.06370192307692307 0.15745192307692307
30 0.7451923076923077 0.5396634615384616 0.0733173076923077 0.15865384615384615
10 0.20432692307692307 0.7271634615384616 0.0733173076923077 0.10576923076923077
10 0.2776442307692308 0.7283653846153846 0.06850961538461539 0.10817307692307693
10 0.3473557692307692 0.7247596153846154 0.0829326923076923 0.11057692307692307
10 0.4206730769230769 0.7235576923076923 0.07932692307692307 0.1141826923076923
10 0.49399038461538464 0.7307692307692307 0.06971153846153846 0.1141826923076923
10 0.5637019230769231 0.7283653846153846 0.07692307692307693 0.11778846153846154