     0/299     7.37G    0.0681    0.6624   0.01544    0.7459        53       640 0.0008655   0.09174  0.000178 2.607e-05    0.1057   0.08323   0.01558
     1/299     7.35G   0.06955   0.04515   0.01545    0.1302       108       640  0.008605   0.01835 0.0008745 0.0001048    0.1053   0.03553   0.01557
     2/299     7.35G   0.06944   0.03254   0.01554    0.1175       107       640  0.008847   0.01835 0.0006349 0.0001653    0.1041    0.0335   0.01557
     3/299     7.35G   0.06644   0.02843   0.01547    0.1103       168       640   0.02361    0.2139   0.01465  0.002694    0.0974   0.02511   0.01549
     4/299     7.35G   0.05638   0.02235   0.01549   0.09422        58       640    0.7817    0.1472    0.1441   0.04356   0.07493   0.03103   0.01535
     5/299     7.35G   0.04913   0.02235   0.01531   0.08678       102       640    0.7443    0.1432    0.1387   0.04689   0.07191   0.02937   0.01514
     6/299     7.35G   0.04469   0.02176   0.01512   0.08157       138       640    0.7889     0.176    0.1943   0.07368   0.06604   0.02592    0.0151
     7/299     7.35G   0.04086   0.02228   0.01503   0.07817        49       640    0.7897    0.1675    0.1541    0.0714   0.06249   0.03092   0.01517
     8/299     7.35G   0.04326   0.02455    0.0148   0.08261       106       640    0.8627    0.1189    0.1287   0.05055   0.07205   0.03045   0.01496
     9/299     7.35G   0.03809   0.02321   0.01471   0.07602       105       640    0.7796    0.1917    0.2374   0.07804   0.05768   0.02761   0.01539
    10/299     7.35G   0.03294   0.02195   0.01422   0.06912       125       640    0.8144    0.1521    0.2246    0.1108   0.05881   0.02575   0.01586
    11/299     7.35G   0.02863   0.02181   0.01387   0.06431       112       640    0.7938    0.1456    0.2178    0.1024   0.05473   0.02711   0.01667
    12/299     7.35G    0.0289   0.02234   0.01341   0.06466        68       640    0.1794     0.861    0.3427    0.1422    0.0503   0.02582   0.01821
    13/299     7.35G    0.0267   0.02204   0.01263   0.06137       100       640     0.722    0.4709    0.3744    0.2131   0.04972   0.02763   0.01841
    14/299     7.35G   0.02667   0.02242     0.012   0.06109        80       640      0.75    0.4539    0.3044    0.1677   0.04289   0.02984   0.02077
    15/299     7.35G     0.027   0.02219   0.01165   0.06084       103       640    0.7722    0.4175    0.3423    0.1684   0.04376   0.02929   0.02071
    16/299     7.35G   0.02594   0.02098    0.0121   0.05901       119       640    0.7825    0.4318    0.4094    0.2481   0.04518   0.03218   0.02041
    17/299     7.35G   0.02531   0.02256    0.0116   0.05948        99       640    0.2377    0.8616    0.4898     0.281   0.04194     0.031   0.02169
    18/299     7.35G   0.02471   0.02215   0.01103   0.05789        65       640    0.2893    0.8087    0.5514    0.3293   0.04045   0.03032   0.02226
    19/299     7.35G    0.0232   0.02319    0.0107   0.05709        90       640    0.5155    0.7558     0.697     0.393   0.04259   0.03022   0.02109
    20/299     7.35G   0.02417   0.02349   0.01014    0.0578       108       640    0.4335     0.779    0.6305    0.3294    0.0385   0.03416   0.02455
    21/299     7.35G   0.02361   0.02164  0.009614   0.05486        40       640    0.5736    0.6567    0.6464    0.3791   0.03881   0.03211   0.02112
    22/299     7.35G   0.02412   0.02198  0.009128   0.05523        72       640    0.5327    0.8524    0.7368    0.4609    0.0348    0.0344    0.0228
    23/299     7.35G   0.02417   0.02252  0.008352   0.05505        86       640    0.6694    0.7974    0.8002    0.4831   0.03626   0.03182   0.02048
    24/299     7.35G   0.02355   0.02157  0.007889   0.05301       160       640    0.5588    0.8219    0.7729    0.4994   0.03451    0.0347   0.02086
    25/299     7.35G   0.02436   0.02222  0.007176   0.05376        73       640    0.7762    0.7683    0.8446    0.5216    0.0356   0.03426   0.01891
    26/299     7.35G   0.02341   0.02028  0.006699   0.05039        94       640    0.7265    0.8797    0.8582     0.567   0.03534   0.03541   0.01904
    27/299     7.35G   0.02369   0.02289  0.006038   0.05262       150       640    0.7117    0.8729    0.8526    0.5583   0.03379   0.03608   0.02051
    28/299     7.35G   0.02368   0.02144  0.005565   0.05069       119       640    0.6924    0.8252    0.8513    0.5679   0.03461   0.03522   0.01989
    29/299     7.35G   0.02264   0.02135  0.005197   0.04919       160       640    0.6404     0.839    0.8245     0.512   0.03493   0.03809   0.02278
    30/299     7.35G   0.02379   0.02178   0.00515   0.05072       124       640    0.7722    0.9291    0.8846    0.5813   0.03726   0.03555   0.02161
    31/299     7.35G   0.02259   0.02075  0.005139   0.04849        51       640    0.7585    0.8799    0.8763    0.6095   0.03357   0.03564   0.02196
    32/299     7.35G   0.02237   0.02079  0.004703   0.04786        37       640    0.6574    0.8813    0.8452    0.5672    0.0329   0.03888   0.02297
    33/299     7.35G   0.02212   0.02066  0.004465   0.04724        93       640      0.67    0.8867    0.8263    0.5137   0.03529   0.03799   0.02261
    34/299     7.35G   0.02205    0.0204  0.004159   0.04661        81       640    0.6847    0.8775     0.847    0.5797   0.03372   0.03541   0.02313
    35/299     7.35G   0.02132   0.02138  0.004264   0.04697       118       640    0.7923    0.9226    0.8834    0.6008    0.0338   0.03708   0.02238
    36/299     7.35G   0.02175    0.0205  0.004209   0.04645        76       640    0.7042    0.9512    0.8459     0.569   0.03214   0.03598   0.02415
    37/299     7.35G   0.02172    0.0201  0.004152   0.04597       102       640    0.7304    0.8492    0.8683    0.5692   0.03322   0.04003   0.02292
    38/299     7.35G   0.02204    0.0196  0.004174   0.04581        92       640    0.7331    0.9297    0.8859    0.6021   0.03312   0.03802   0.02275
    39/299     7.35G   0.02037   0.02062  0.004209    0.0452        51       640    0.7789    0.9304    0.8996    0.5822   0.03384   0.04031   0.02154
    40/299     7.35G   0.02088   0.01976  0.003847   0.04449        66       640    0.7765    0.9257     0.881    0.6001   0.03258   0.04053   0.02206
    41/299     7.35G   0.02113    0.0197  0.003896   0.04473       132       640    0.6823    0.8964    0.8495    0.5632   0.03306   0.03931   0.02359
    42/299     7.35G    0.0204   0.01979  0.003837   0.04403       111       640    0.7849    0.9289    0.8911    0.5793   0.03314   0.03997   0.02164
    43/299     7.35G   0.02039   0.01912   0.00376   0.04327        64       640    0.7584     0.942    0.8934    0.6207   0.03101   0.03989   0.02202
    44/299     7.35G   0.02065    0.0185  0.003713   0.04286        83       640    0.6678    0.8983    0.8424    0.5656   0.03198   0.03941   0.02369
    45/299     7.35G   0.02001    0.0189  0.003648   0.04256       147       640    0.7963     0.924    0.8908    0.6138   0.03188   0.04125   0.02151
    46/299     7.35G   0.02035   0.01898   0.00373   0.04307        59       640    0.7871    0.9264    0.8909    0.6045   0.03138   0.04209   0.02166
    47/299     7.35G   0.01969   0.01832  0.003658   0.04167        85       640    0.7863    0.9175    0.8869    0.5887   0.03233   0.04128   0.02161
    48/299     7.35G   0.01999   0.01933  0.003504   0.04282        57       640    0.8009    0.9396    0.9084     0.602   0.03225    0.0436   0.02121
    49/299     7.35G    0.0197   0.01865  0.003598   0.04195       111       640    0.7889    0.9343    0.8922    0.6094   0.03153     0.043   0.02181
    50/299     7.35G    0.0205    0.0184  0.003489   0.04239       111       640    0.7931    0.9466    0.9005    0.6154   0.03128   0.04235   0.02134
    51/299     7.35G   0.01946   0.01832   0.00319   0.04097       125       640    0.7739    0.9442    0.8958    0.6079   0.03124   0.04421   0.02137
    52/299     7.35G    0.0198   0.01852  0.003275    0.0416       113       640    0.8259    0.9127    0.9152    0.6148    0.0335   0.04189   0.02063
    53/299     7.35G   0.01913   0.01829  0.003349   0.04078       105       640    0.7956    0.9313     0.907    0.6237   0.03132   0.04265   0.02093
    54/299     7.35G   0.01972   0.01902  0.003196   0.04194        79       640    0.8636    0.9306    0.9171    0.6203    0.0325     0.045   0.01984
    55/299     7.35G   0.01957   0.01841  0.003361   0.04134       126       640    0.8069    0.9407    0.9051    0.6239     0.032   0.04426    0.0203
    56/299     7.35G   0.01981   0.01776  0.003119   0.04069        84       640    0.8073    0.9407    0.9131    0.6233   0.03244   0.04382   0.02004
    57/299     7.35G   0.01987   0.01766  0.003301   0.04082        86       640    0.7832    0.9242    0.9028    0.6213   0.03205   0.04345    0.0215
    58/299     7.35G   0.01907    0.0176  0.003184   0.03986        81       640    0.8443    0.8642     0.896     0.621   0.03129   0.04455   0.02093
    59/299     7.35G   0.01871   0.01783  0.003296   0.03984        65       640    0.8664     0.923    0.9035     0.616   0.03106   0.04333   0.02107
    60/299     7.35G    0.0187   0.01786  0.002989   0.03955       130       640    0.8598    0.9211    0.9096    0.6061   0.03262   0.04468   0.02027
    61/299     7.35G   0.01921   0.01746  0.003143   0.03981        72       640     0.899    0.8864    0.9078    0.6183   0.03132   0.04578     0.021
    62/299     7.35G   0.01871   0.01689  0.003049   0.03865        61       640    0.8109    0.9371     0.912    0.6392   0.03053   0.04396   0.02126
    63/299     7.35G   0.01912   0.01765  0.003147   0.03992        41       640      0.91    0.8866     0.919    0.6197   0.03228   0.04523    0.0195
    64/299     7.35G   0.01907   0.01742  0.002991   0.03948        78       640    0.8161    0.9407    0.9034      0.63    0.0318   0.04344   0.02026
    65/299     7.35G   0.01884   0.01675  0.003052   0.03865       111       640     0.914    0.8866    0.9006     0.594   0.03252   0.04604   0.01945
    66/299     7.35G   0.01884   0.01715  0.003085   0.03908        49       640    0.8703    0.9282    0.9178     0.651   0.03031   0.04382   0.02088
    67/299     7.35G   0.01865   0.01757  0.003112   0.03934        81       640    0.9233    0.9072    0.9134    0.6291   0.03158   0.04481   0.01997
    68/299     7.35G   0.01851   0.01716  0.002803   0.03848        99       640    0.9251    0.9208    0.9081    0.6303   0.03103   0.04556   0.02042
    69/299     7.35G   0.01914   0.01655  0.002864   0.03856        88       640    0.8928    0.8429    0.9054    0.6022   0.03221   0.04607   0.02005
    70/299     7.35G   0.01871   0.01774  0.002869   0.03932        88       640    0.9279    0.9142    0.9281    0.6432   0.03104   0.04598   0.02006
    71/299     7.35G   0.01815   0.01757  0.002865   0.03858       113       640    0.9089     0.877    0.9149    0.6138   0.03173   0.04729    0.0198
    72/299     7.35G   0.01827   0.01747  0.002902   0.03864       107       640    0.8881    0.9185    0.9121    0.6358   0.03104   0.04653   0.01976
    73/299     7.35G   0.01851   0.01684  0.002779   0.03813       127       640    0.9087    0.9231    0.9188    0.6281   0.03189   0.04805   0.01883
    74/299     7.35G   0.01901   0.01767  0.002924    0.0396       135       640    0.9404    0.9188    0.9156    0.6509   0.03072   0.04643   0.01918
    75/299     7.35G   0.01815   0.01723   0.00281   0.03819        87       640    0.9179    0.9345    0.9062    0.6348   0.03108   0.04553   0.01971
    76/299     7.35G   0.01784   0.01758  0.002672   0.03809       144       640    0.9361    0.9188    0.9171    0.6455   0.03089   0.04747   0.01863
    77/299     7.35G   0.01798   0.01645  0.002658   0.03709        53       640    0.9298    0.8866    0.9254    0.6549   0.03157   0.04817   0.01793
    78/299     7.35G   0.01799   0.01663  0.002709   0.03733        71       640    0.9265    0.9002    0.9118    0.6384   0.03094   0.04933   0.01843
    79/299     7.35G   0.01828   0.01672   0.00284   0.03784        71       640    0.9401    0.9363    0.9177    0.6378   0.03094    0.0484   0.01943
    80/299     7.35G     0.018   0.01644  0.002791   0.03723        98       640    0.9372    0.9274    0.9205    0.6318   0.03046   0.04763   0.01922
    81/299     7.35G   0.01763   0.01666  0.002638   0.03693        81       640    0.9359    0.9048    0.9233     0.628   0.03138   0.04835   0.01938
    82/299     7.35G   0.01768   0.01682  0.002517   0.03702        87       640    0.9313    0.9233     0.916     0.631   0.03108   0.05036   0.01802
    83/299     7.35G   0.01799   0.01642  0.002628   0.03704        66       640    0.9327    0.9324    0.9015    0.6328    0.0303   0.04837   0.01826
    84/299     7.35G   0.01826   0.01607  0.002554   0.03688        63       640     0.923    0.9233    0.9124    0.6396   0.03085   0.04906    0.0189
    85/299     7.35G   0.01783    0.0165  0.002615   0.03695        96       640    0.9177    0.9366    0.9088    0.6184   0.03115   0.04848   0.01976
    86/299     7.35G   0.01794   0.01663  0.002479   0.03705       160       640    0.9337    0.9188    0.9234    0.6229   0.03108   0.04829   0.01884
    87/299     7.35G   0.01757   0.01661  0.002531   0.03671       128       640    0.9435    0.9415    0.9256    0.6535   0.03062   0.04971    0.0181
    88/299     7.35G   0.01753   0.01619  0.002448   0.03617        40       640    0.8992    0.9282    0.9133    0.6357   0.03045   0.04733   0.01865
    89/299     7.35G   0.01781   0.01661  0.002353   0.03678        65       640    0.9211    0.9231    0.9205    0.6366   0.03118    0.0509   0.01774
    90/299     7.35G   0.01778   0.01641   0.00261    0.0368       117       640    0.9379    0.9232    0.9338    0.6606   0.03093    0.0504   0.01757
    91/299     7.35G    0.0175   0.01595  0.002382   0.03583       100       640    0.9226    0.9049    0.9241      0.64   0.03106   0.04942   0.01772
    92/299     7.35G   0.01813   0.01609  0.002568   0.03679       119       640    0.9356    0.9371     0.917    0.6451   0.03054   0.05226   0.01707
    93/299     7.35G   0.01712   0.01575  0.002368   0.03525        84       640    0.9389    0.8821    0.9206    0.6562    0.0304   0.04984   0.01746
    94/299     7.35G   0.01741   0.01578  0.002584   0.03577        90       640    0.9328    0.9325    0.9271    0.6413   0.03109   0.05141   0.01714
    95/299     7.35G   0.01787   0.01615  0.002463   0.03648        67       640    0.9368    0.9139    0.9323    0.6511    0.0305   0.05112   0.01733
    96/299     7.35G   0.01756   0.01624  0.002313   0.03611       112       640    0.9326    0.9436    0.9234    0.6478   0.03088   0.04855   0.01766
    97/299     7.35G   0.01725   0.01617  0.002398   0.03582        66       640     0.936    0.9181    0.9312    0.6595   0.03067   0.05012   0.01744
    98/299     7.35G   0.01707   0.01591  0.002347   0.03533        55       640    0.9031    0.9052    0.9314    0.6594   0.03025   0.05224   0.01737
    99/299     7.35G   0.01731   0.01658  0.002361   0.03626        77       640    0.9314    0.9004    0.9117      0.63   0.03046   0.05054   0.01732
   100/299     7.35G   0.01712    0.0162  0.002388   0.03572        75       640    0.9383    0.9279     0.923    0.6607   0.03042    0.0524   0.01749
   101/299     7.35G    0.0174   0.01541  0.002419   0.03523        97       640    0.9164    0.8866    0.9168    0.6429   0.03092   0.05131   0.01846
   102/299     7.35G   0.01755   0.01581  0.002481   0.03584       129       640     0.934    0.9231    0.9218    0.6565   0.03078   0.05221   0.01648
   103/299     7.35G   0.01702   0.01673  0.002428   0.03619        84       640    0.9385    0.9182    0.9305    0.6474   0.03051    0.0518   0.01766
   104/299     7.35G   0.01735   0.01597   0.00228    0.0356        80       640    0.9342    0.9233    0.9257    0.6508   0.03018   0.05275   0.01667
   105/299     7.35G   0.01697   0.01578  0.002254     0.035        79       640    0.9197     0.914    0.9254    0.6509   0.03036     0.052   0.01737
   106/299     7.35G     0.017   0.01572  0.002457   0.03518        76       640    0.9087     0.919    0.9195    0.6541   0.03009   0.05119   0.01754
   107/299     7.35G   0.01693   0.01587  0.002408    0.0352        89       640    0.9273    0.9417    0.9301    0.6499   0.03005   0.05207   0.01678
   108/299     7.35G   0.01696   0.01617  0.002365    0.0355       148       640    0.9408    0.9323    0.9191    0.6349   0.03033   0.05171   0.01699
   109/299     7.35G   0.01704   0.01581  0.002214   0.03507        65       640    0.9356    0.9205    0.9199    0.6427   0.02995   0.05337   0.01728
   110/299     7.35G   0.01714   0.01566  0.002363   0.03516        90       640    0.9361    0.9098    0.9127    0.6431   0.02976   0.05132   0.01756
   111/299     7.35G   0.01688   0.01504  0.002141   0.03406        97       640    0.9316    0.9231    0.9182    0.6491   0.02973    0.0521   0.01746
   112/299     7.35G   0.01705   0.01534  0.002389   0.03478        48       640    0.9151    0.9279    0.9228    0.6592   0.02991   0.05239   0.01777
   113/299     7.35G   0.01709   0.01561   0.00239   0.03509       159       640    0.9178    0.9231    0.9201    0.6509   0.02968   0.05202    0.0173
   114/299     7.35G   0.01694    0.0157  0.002344   0.03499        85       640    0.9339    0.9323    0.9278    0.6574   0.02965   0.05334   0.01689
   115/299     7.35G   0.01671   0.01555  0.002276   0.03454       129       640    0.9376     0.932    0.9194    0.6496   0.02924   0.05276   0.01762
   116/299     7.35G   0.01712   0.01585  0.002135   0.03511       100       640    0.9362    0.9436    0.9171    0.6551   0.02975   0.05401    0.0174
   117/299     7.35G    0.0167   0.01486  0.002316   0.03387        53       640    0.9345    0.9323    0.9269    0.6571   0.02996   0.05395   0.01703
   118/299     7.35G   0.01662    0.0157  0.002313   0.03464       112       640    0.9316     0.905    0.9306    0.6443    0.0298   0.05283    0.0174
   119/299     7.35G   0.01714   0.01568  0.002279    0.0351        65       640    0.9271    0.9232    0.9231    0.6597   0.03042   0.05412   0.01619
   120/299     7.35G   0.01682    0.0156  0.002195   0.03462        86       640    0.9331    0.9227    0.9161    0.6487   0.02933   0.05219   0.01831
   121/299     7.35G   0.01706   0.01544  0.002219   0.03472       127       640     0.924    0.9188    0.9164    0.6463   0.02928   0.05362   0.01775
   122/299     7.35G   0.01688   0.01553   0.00225   0.03466       144       640    0.9145    0.8912    0.9113    0.6403   0.02922   0.05241   0.01809
   123/299     7.35G   0.01668   0.01504  0.002223   0.03395        78       640    0.9366    0.9323    0.9134    0.6414   0.02931   0.05524   0.01667
   124/299     7.35G   0.01692   0.01492  0.002273   0.03412        84       640    0.9334     0.939    0.9241    0.6476   0.02933   0.05437   0.01631
   125/299     7.35G   0.01654   0.01499  0.002043   0.03358        80       640    0.9318    0.9323    0.9327    0.6537   0.02959   0.05502   0.01645
   126/299     7.35G   0.01701   0.01535  0.002318   0.03468       129       640    0.9103    0.9323    0.9143    0.6495   0.02987   0.05421   0.01654
   127/299     7.35G   0.01677   0.01524  0.002195   0.03421        85       640    0.9307    0.9415    0.9089    0.6355   0.02941   0.05478   0.01617
   128/299     7.35G   0.01676   0.01527  0.002269    0.0343        55       640    0.9301    0.9299     0.924    0.6621    0.0292   0.05427   0.01717
   129/299     7.35G   0.01678   0.01548  0.002188   0.03444       145       640    0.9085    0.9162    0.9224     0.644   0.02977   0.05508   0.01743
   130/299     7.35G   0.01661   0.01546  0.002216   0.03429        80       640    0.9204     0.905    0.9169    0.6429   0.02938   0.05565   0.01724
   131/299     7.35G   0.01641   0.01513   0.00212   0.03365        99       640    0.9279    0.9142    0.9236    0.6568   0.02999   0.05458   0.01698
   132/299     7.35G   0.01658   0.01522  0.002131   0.03393       103       640    0.9344    0.9369    0.9201    0.6488   0.02998   0.05667   0.01602
   133/299     7.35G   0.01665   0.01536  0.002065   0.03407       130       640    0.9321    0.9301    0.9147    0.6364   0.03029   0.05275   0.01737
   134/299     7.35G   0.01652   0.01494  0.002038   0.03349       126       640    0.9305    0.9339    0.9216    0.6409   0.03005   0.05606   0.01701
   135/299     7.35G   0.01663   0.01509  0.002315   0.03403       113       640     0.943    0.9344    0.9248    0.6574   0.02882   0.05433    0.0169
   136/299     7.35G   0.01655   0.01472   0.00212   0.03339       131       640    0.9311    0.9231    0.9208    0.6494   0.02927   0.05497   0.01666
   137/299     7.35G   0.01632    0.0146  0.002107   0.03302       110       640    0.9417    0.9415     0.925    0.6468   0.02991   0.05604   0.01573
   138/299     7.35G   0.01654   0.01528  0.002078    0.0339        96       640    0.9265     0.898    0.9168    0.6493   0.02954   0.05428   0.01716
   139/299     7.35G   0.01639   0.01464  0.002139   0.03317        76       640    0.9203    0.9323    0.9192    0.6502   0.02924   0.05637   0.01654
   140/299     7.35G   0.01634   0.01512  0.002116   0.03358       139       640    0.9256    0.9323    0.9234    0.6595   0.02941   0.05734   0.01598
   141/299     7.35G    0.0164   0.01495  0.002111   0.03346        77       640    0.9446     0.946    0.9346    0.6559   0.02944   0.05625   0.01631
   142/299     7.35G   0.01623   0.01553  0.002123   0.03389       112       640    0.9034    0.9115    0.9159    0.6488   0.02978   0.05707   0.01685
   143/299     7.35G   0.01638   0.01511   0.00202   0.03351        71       640    0.9232    0.9344    0.9174     0.655   0.02936    0.0564    0.0161
   144/299     7.35G   0.01597   0.01438  0.001841   0.03219       101       640    0.9328    0.9368    0.9201    0.6549   0.02923   0.05797   0.01597
   145/299     7.35G    0.0164   0.01497  0.002018    0.0334       102       640     0.939    0.9369    0.9264    0.6666   0.02911   0.05813   0.01574
   146/299     7.35G   0.01617   0.01475  0.001974   0.03289        90       640    0.9316    0.9413    0.9209    0.6572   0.02943   0.05859   0.01566
   147/299     7.35G   0.01627   0.01501   0.00202    0.0333        78       640    0.9268    0.9253    0.9169    0.6406    0.0298    0.0558   0.01624
   148/299     7.35G   0.01594   0.01502  0.002087   0.03305       143       640    0.8947    0.9209    0.9038     0.636   0.02939   0.05602   0.01669
   149/299     7.35G   0.01628   0.01418   0.00217   0.03263       138       640    0.9323    0.9344    0.9064    0.6436   0.02929   0.05605   0.01618
   150/299     7.35G   0.01614   0.01412  0.001969   0.03223       137       640    0.9171    0.9278    0.9233     0.649   0.02955   0.05649   0.01611
   151/299     7.35G   0.01622   0.01497  0.002023   0.03321       122       640    0.9307    0.9321    0.9192    0.6575   0.02907   0.05768   0.01551
   152/299     7.35G   0.01626   0.01461  0.002044   0.03292       158       640    0.9321    0.9096    0.9202    0.6454   0.02901   0.05672   0.01635
   153/299     7.35G   0.01611   0.01399  0.001954   0.03206       144       640    0.9239    0.9415    0.9198    0.6583   0.02868   0.05658   0.01584
   154/299     7.35G   0.01606   0.01456  0.001954   0.03257       110       640    0.9264    0.9369    0.9224    0.6626   0.02933   0.05769   0.01563
   155/299     7.35G   0.01608   0.01476   0.00204   0.03288        71       640    0.9345    0.9324    0.9155    0.6553   0.02945   0.05809   0.01585
   156/299     7.35G   0.01601   0.01397  0.002012   0.03199       110       640    0.9344    0.9277    0.9144    0.6541   0.02915   0.05756   0.01602
   157/299     7.35G   0.01595    0.0146  0.001932   0.03249       111       640    0.9123    0.9327    0.9147    0.6484   0.02935   0.05694   0.01602
   158/299     7.35G   0.01605   0.01489   0.00192   0.03286        92       640    0.9307    0.9185    0.9084    0.6548   0.02923    0.0571   0.01626
   159/299     7.35G   0.01602   0.01456  0.001941   0.03251        99       640    0.9368    0.9371    0.9145     0.648   0.02982   0.05902   0.01547
   160/299     7.35G   0.01607   0.01395  0.002038   0.03205        66       640    0.9308    0.9369    0.9217    0.6646   0.02902   0.05825   0.01556
   161/299     7.35G   0.01597   0.01444  0.002028   0.03244       127       640    0.9349    0.9371    0.9124    0.6506   0.02939    0.0582   0.01586
   162/299     7.35G     0.016   0.01478  0.001919    0.0327       125       640    0.9298    0.9301    0.9197    0.6571   0.02927   0.05883   0.01583
   163/299     7.35G   0.01579   0.01479  0.001857   0.03245        72       640    0.9169    0.9386    0.9167    0.6497   0.02929   0.05771   0.01616
   164/299     7.35G    0.0158   0.01463  0.001771   0.03219       111       640    0.9373    0.9369    0.9158    0.6513   0.02922   0.05863   0.01539
   165/299     7.35G   0.01597     0.014  0.001904   0.03187        96       640    0.9199    0.9277    0.9109    0.6522   0.02908   0.05836   0.01572
   166/299     7.35G   0.01599   0.01477  0.002139    0.0329        96       640    0.9255    0.9117    0.9104    0.6557   0.02861   0.05859   0.01681
   167/299     7.35G   0.01566   0.01426  0.001894   0.03181        55       640    0.9297    0.9355    0.9144    0.6451   0.02891   0.06003   0.01562
   168/299     7.35G   0.01592    0.0146  0.001907   0.03243        55       640    0.9255    0.9347    0.9114     0.638   0.02907   0.06018   0.01554
   169/299     7.35G   0.01593   0.01472  0.001936   0.03258        50       640    0.9259    0.9344    0.9189    0.6606   0.02882   0.05915   0.01605
   170/299     7.35G   0.01566   0.01397  0.001847   0.03148        61       640    0.9209    0.9314     0.919    0.6558   0.02866   0.05947   0.01621
   171/299     7.35G   0.01571   0.01439  0.001718   0.03181        96       640    0.9343    0.9277    0.9044    0.6423   0.02891   0.05777   0.01608
   172/299     7.35G   0.01572    0.0147  0.001839   0.03225        73       640    0.9419    0.9436    0.9144     0.646   0.02927   0.05918   0.01505
   173/299     7.35G   0.01599   0.01445  0.001914   0.03236       126       640    0.9294    0.9415    0.9231     0.663   0.02953   0.05911   0.01468
   174/299     7.35G   0.01592   0.01429  0.001951   0.03216        82       640    0.9237    0.9344    0.9119    0.6596   0.02887    0.0588   0.01535
   175/299     7.35G   0.01585    0.0143  0.001745    0.0319        48       640    0.9318    0.9278    0.9143    0.6593   0.02868   0.05908   0.01572
   176/299     7.35G   0.01613   0.01511  0.001921   0.03315       114       640    0.9328     0.939    0.9115    0.6503   0.02894    0.0596   0.01539
   177/299     7.35G   0.01567   0.01466  0.001941   0.03227        60       640      0.93     0.939    0.9145     0.639   0.02891   0.06013   0.01573
   178/299     7.35G   0.01576   0.01432  0.001781   0.03187        78       640    0.9263    0.9188    0.9128    0.6538   0.02834   0.05793   0.01608
   179/299     7.35G   0.01587   0.01425  0.001938   0.03206       114       640    0.9147    0.9345      0.91    0.6463   0.02852   0.05934   0.01597
   180/299     7.35G   0.01566   0.01429  0.001762   0.03171        73       640    0.9184     0.908    0.9202    0.6585   0.02859   0.06031   0.01557
   181/299     7.35G   0.01558    0.0141  0.001673   0.03135        67       640    0.9261    0.9427    0.9213    0.6675    0.0286   0.05995   0.01467
   182/299     7.35G   0.01561   0.01412  0.001757   0.03148        96       640    0.9228    0.9303    0.9112    0.6477   0.02848   0.05965   0.01545
   183/299     7.35G   0.01559   0.01414   0.00176   0.03149        99       640    0.9248    0.9277    0.9099    0.6437   0.02848   0.05988   0.01575
   184/299     7.35G    0.0157    0.0143  0.001781   0.03178       125       640    0.9216    0.9373    0.9143    0.6604   0.02819   0.06042   0.01545
   185/299     7.35G   0.01547   0.01469   0.00182   0.03199        93       640    0.9235    0.9325    0.9153    0.6572   0.02811   0.06074   0.01568
   186/299     7.35G   0.01547   0.01402  0.001774   0.03126       105       640    0.9237    0.9369     0.916    0.6544   0.02834    0.0605    0.0155
   187/299     7.35G   0.01564   0.01392   0.00179   0.03135        83       640    0.9222    0.9412     0.908    0.6423   0.02856   0.05925   0.01533
   188/299     7.35G   0.01568   0.01443  0.001757   0.03187        67       640    0.9336    0.9369    0.9104     0.642   0.02891   0.06048   0.01525
   189/299     7.35G   0.01576   0.01433  0.001957   0.03205       100       640    0.9252    0.9324    0.9129    0.6448   0.02876   0.06071   0.01546
   190/299     7.35G   0.01549   0.01382  0.001675   0.03099       111       640    0.9311     0.946    0.9194    0.6543   0.02859    0.0606   0.01521
   191/299     7.35G   0.01545   0.01398  0.001673   0.03111       102       640    0.9308    0.9436    0.9279    0.6617   0.02824   0.05996   0.01511
   192/299     7.35G   0.01545   0.01426  0.001752   0.03146        64       640    0.9302     0.946    0.9124    0.6506   0.02853   0.06069   0.01479
   193/299     7.35G   0.01562   0.01475  0.001851   0.03222        70       640     0.938    0.9436    0.9231    0.6674   0.02874   0.06127   0.01469
   194/299     7.35G    0.0153   0.01413  0.001652   0.03109        99       640    0.9279    0.9415    0.9182    0.6583   0.02879   0.06137   0.01518
   195/299     7.35G   0.01549   0.01402  0.001861   0.03136        91       640    0.9286    0.9439    0.9232    0.6611   0.02946   0.06094   0.01507
   196/299     7.35G   0.01547   0.01379  0.001828   0.03109        94       640    0.9174    0.9393    0.9167    0.6511    0.0289   0.06074   0.01559
   197/299     7.35G   0.01542   0.01432  0.001718   0.03146        41       640    0.9351     0.946    0.9266    0.6661   0.02875   0.06102   0.01535
   198/299     7.35G   0.01548   0.01343  0.001658   0.03057        79       640    0.9329    0.9389    0.9265    0.6682   0.02815   0.06218   0.01501
   199/299     7.35G   0.01541   0.01353  0.001711   0.03065        86       640    0.9343     0.946     0.913    0.6482   0.02826   0.06117   0.01486
   200/299     7.35G   0.01552   0.01418  0.001793   0.03149       117       640    0.9262    0.9371    0.9188    0.6546   0.02885   0.06082   0.01547
   201/299     7.35G   0.01545   0.01478  0.001707   0.03193        64       640    0.9389    0.9369    0.9153    0.6507   0.02829   0.06192   0.01499
   202/299     7.35G   0.01551   0.01452  0.001749   0.03177        52       640    0.9168    0.9377     0.919    0.6584   0.02824   0.06246   0.01556
   203/299     7.35G   0.01536   0.01392  0.001686   0.03096        94       640    0.9265    0.9391    0.9255    0.6649   0.02858   0.06063   0.01531
   204/299     7.35G   0.01529   0.01377  0.001628   0.03069       119       640    0.9288    0.9393    0.9233    0.6643   0.02866   0.06218   0.01522
   205/299     7.35G    0.0155   0.01365  0.001752   0.03091        86       640    0.9326    0.9371    0.9215    0.6639   0.02855   0.06245   0.01504
   206/299     7.35G   0.01542   0.01444  0.001669   0.03153        93       640    0.9258    0.9369    0.9098    0.6495   0.02841   0.06196   0.01532
   207/299     7.35G   0.01545   0.01428  0.001829   0.03156        56       640    0.9282     0.939    0.9209    0.6615   0.02796    0.0617   0.01577
   208/299     7.35G   0.01534   0.01356  0.001553   0.03046        85       640    0.9256    0.9369    0.9134    0.6603   0.02825   0.06222    0.0157
   209/299     7.35G   0.01539   0.01421  0.001721   0.03132        77       640    0.9292    0.9439     0.919    0.6623   0.02833   0.06273   0.01535
   210/299     7.35G   0.01543   0.01382  0.001781   0.03103       115       640    0.9358    0.9255    0.9203    0.6628   0.02821   0.06293   0.01464
   211/299     7.35G   0.01525   0.01421  0.001626   0.03109        76       640     0.921    0.9335    0.9109    0.6502   0.02819   0.06314    0.0151
   212/299     7.35G   0.01541   0.01431  0.001748   0.03147       131       640     0.928    0.9301    0.9114    0.6585   0.02782   0.06178   0.01529
   213/299     7.35G   0.01528   0.01379  0.001738   0.03081        68       640    0.9233    0.9301    0.9226    0.6712   0.02794   0.06114   0.01522
   214/299     7.35G    0.0153   0.01391  0.001565   0.03077        84       640    0.9216    0.9369    0.9173    0.6576   0.02816   0.06104    0.0153
   215/299     7.35G   0.01527   0.01432  0.001693   0.03129       121       640    0.9231    0.9324    0.9155    0.6509   0.02832   0.06233   0.01501
   216/299     7.35G   0.01546   0.01399  0.001602   0.03104        99       640    0.9286     0.946    0.9077    0.6527   0.02838   0.06327   0.01469
   217/299     7.35G   0.01534   0.01389  0.001588   0.03082        86       640    0.9285    0.9412    0.9131    0.6516    0.0281   0.06273    0.0154
   218/299     7.35G   0.01528   0.01439  0.001637    0.0313        79       640     0.931     0.946    0.9224    0.6652   0.02817    0.0617   0.01515
   219/299     7.35G   0.01535   0.01364  0.001569   0.03056       122       640     0.931    0.9437    0.9305    0.6645   0.02817   0.06384   0.01482
   220/299     7.35G   0.01523   0.01392  0.001637   0.03079       102       640    0.9175    0.9393    0.9019     0.648   0.02798   0.06297   0.01534
   221/299     7.35G   0.01523   0.01404  0.001747   0.03102        58       640    0.9051    0.9346    0.9199    0.6607   0.02821   0.06293   0.01552
   222/299     7.35G   0.01532   0.01365  0.001518   0.03048        90       640    0.9233    0.9299    0.9115    0.6547   0.02835   0.06185   0.01383
   223/299     7.35G   0.01519   0.01426  0.001543   0.03099        61       640    0.9109    0.9415    0.9055    0.6455   0.02863   0.06362   0.01374
   224/299     7.35G   0.01531   0.01389  0.001602    0.0308        62       640    0.9212    0.9369    0.9055    0.6453   0.02845   0.06185   0.01451
   225/299     7.35G   0.01527   0.01346  0.001547   0.03028       115       640     0.926    0.9344    0.9146    0.6455   0.02842   0.06318    0.0143
   226/299     7.35G   0.01507   0.01361  0.001626    0.0303        68       640    0.9289    0.9415    0.9128    0.6559   0.02834   0.06402   0.01373
   227/299     7.35G   0.01516   0.01368  0.001578   0.03041       124       640    0.9337    0.9421    0.9137    0.6602   0.02817   0.06413   0.01357
   228/299     7.35G   0.01522   0.01353  0.001738   0.03049       109       640    0.9259    0.9393    0.9099    0.6511   0.02827   0.06411   0.01402
   229/299     7.35G   0.01525   0.01418  0.001664   0.03109        87       640     0.926    0.9321    0.9208    0.6621   0.02833   0.06516   0.01444
   230/299     7.35G   0.01527   0.01396    0.0017   0.03093       100       640    0.9392    0.9379    0.9209     0.651   0.02845   0.06566   0.01422
   231/299     7.35G   0.01541   0.01354  0.001482   0.03043        91       640      0.93    0.9381    0.9171    0.6629   0.02809   0.06411   0.01518
   232/299     7.35G   0.01515    0.0134  0.001627   0.03018       100       640     0.926    0.9369    0.9152    0.6514   0.02801   0.06357   0.01492
   233/299     7.35G   0.01534    0.0132  0.001472   0.03001        80       640    0.9315     0.946    0.9209    0.6627   0.02835   0.06533   0.01419
   234/299     7.35G   0.01529   0.01314  0.001634   0.03006       147       640    0.9259     0.946    0.9195    0.6526   0.02825   0.06484   0.01461
   235/299     7.35G   0.01518    0.0142  0.001506   0.03088       111       640    0.9307    0.9415    0.9216    0.6637   0.02799    0.0641   0.01487
   236/299     7.35G   0.01529   0.01367  0.001716   0.03068        57       640    0.9349    0.9371    0.9166    0.6581     0.028   0.06472   0.01422
   237/299     7.35G   0.01502   0.01382  0.001482   0.03033       117       640    0.9332    0.9415    0.9124    0.6564   0.02819    0.0654   0.01413
   238/299     7.35G   0.01512   0.01373  0.001716   0.03057        75       640     0.942    0.9437    0.9235    0.6496   0.02828   0.06566   0.01438
   239/299     7.35G   0.01507   0.01337  0.001679   0.03012        65       640    0.9347    0.9344    0.9112    0.6513     0.028   0.06475   0.01406
   240/299     7.35G    0.0152   0.01318  0.001661   0.03004        98       640    0.9323    0.9344     0.908     0.647   0.02796   0.06331   0.01413
   241/299     7.35G   0.01508   0.01361   0.00157   0.03025       132       640    0.9234    0.9301    0.9031    0.6457   0.02814    0.0637    0.0143
   242/299     7.35G   0.01504   0.01332  0.001618   0.02999       113       640    0.9245    0.9369    0.9125    0.6434    0.0283   0.06575   0.01429
   243/299     7.35G   0.01514   0.01398  0.001747   0.03087        65       640    0.9268    0.9415    0.9195    0.6587    0.0279   0.06563   0.01435
   244/299     7.35G     0.015   0.01372  0.001523   0.03024       127       640     0.926     0.939    0.9174    0.6607   0.02807   0.06446   0.01398
   245/299     7.35G   0.01494   0.01361  0.001541    0.0301        84       640    0.9334    0.9415    0.9196    0.6522   0.02824   0.06507   0.01397
   246/299     7.35G   0.01499   0.01355  0.001512   0.03005       101       640    0.9299    0.9415     0.912    0.6433   0.02838   0.06661   0.01418
   247/299     7.35G   0.01525   0.01371   0.00164    0.0306       105       640    0.9222    0.9371    0.9143    0.6568   0.02829   0.06422   0.01473
   248/299     7.35G   0.01501   0.01351  0.001508   0.03003        97       640    0.9259    0.9415    0.9125    0.6469    0.0282   0.06495   0.01408
   249/299     7.35G   0.01489   0.01311  0.001487   0.02948        66       640    0.9317     0.946    0.9225    0.6533   0.02814   0.06523   0.01399
   250/299     7.35G   0.01509   0.01333  0.001623   0.03004       104       640    0.9289    0.9415    0.9157    0.6641   0.02784   0.06559   0.01392
   251/299     7.35G   0.01519   0.01354  0.001558   0.03028       147       640     0.924    0.9415     0.917    0.6623   0.02798   0.06528   0.01407
   252/299     7.35G   0.01518   0.01447  0.001519   0.03117        75       640    0.9308     0.946    0.9125    0.6564   0.02793   0.06654   0.01364
   253/299     7.35G   0.01491   0.01339  0.001391    0.0297        63       640    0.9312    0.9415    0.9257    0.6591   0.02769   0.06574   0.01406
   254/299     7.35G   0.01505   0.01376  0.001561   0.03037        64       640    0.9302    0.9369    0.9179    0.6637   0.02792   0.06495   0.01462
   255/299     7.35G   0.01497   0.01321  0.001563   0.02974       116       640    0.9287    0.9415    0.9209    0.6617    0.0281   0.06526   0.01481
   256/299     7.35G   0.01493   0.01331  0.001544   0.02978       124       640    0.9213    0.9323      0.92    0.6609   0.02813   0.06584   0.01443
   257/299     7.35G   0.01501   0.01336  0.001658   0.03003       121       640    0.9241    0.9415    0.9041    0.6491   0.02808   0.06553   0.01457
   258/299     7.35G   0.01502   0.01332  0.001634   0.02997       123       640    0.9266    0.9417    0.9105     0.647   0.02824   0.06696   0.01415
   259/299     7.35G   0.01495   0.01398  0.001601   0.03053       129       640    0.9249    0.9415    0.9038    0.6458   0.02833   0.06627   0.01428
   260/299     7.35G   0.01501   0.01362  0.001617   0.03024        90       640    0.9246     0.946    0.9012    0.6371   0.02814   0.06586   0.01417
   261/299     7.35G     0.015   0.01251  0.001526   0.02904        64       640      0.92     0.939    0.9165    0.6577   0.02787   0.06431   0.01487
   262/299     7.35G   0.01478   0.01358   0.00133   0.02969        96       640    0.9278    0.9415    0.9095    0.6489   0.02812   0.06547   0.01433
   263/299     7.35G    0.0148   0.01368  0.001432   0.02991       146       640    0.9272    0.9415    0.9199    0.6657   0.02817   0.06567   0.01412
   264/299     7.35G   0.01487   0.01337  0.001438   0.02968        65       640    0.9192    0.9369    0.9168    0.6587   0.02799    0.0655   0.01456
   265/299     7.35G   0.01489   0.01375  0.001492   0.03013       106       640    0.9175    0.9347    0.9001    0.6401   0.02813   0.06532   0.01434
   266/299     7.35G   0.01499   0.01354   0.00144   0.02997        94       640    0.9217    0.9371    0.9151     0.654   0.02791   0.06517   0.01411
   267/299     7.35G   0.01501    0.0132  0.001439   0.02964        74       640    0.9216    0.9369    0.9202    0.6649   0.02784   0.06658   0.01408
   268/299     7.35G   0.01507   0.01297  0.001437   0.02948       111       640    0.9196    0.9321    0.9028    0.6413   0.02782   0.06618   0.01405
   269/299     7.35G   0.01497   0.01355  0.001532   0.03005       111       640    0.9166    0.9301    0.9013    0.6426   0.02784   0.06557    0.0142
   270/299     7.35G   0.01507   0.01348  0.001444   0.02999        78       640    0.9239    0.9369    0.9147    0.6582    0.0279   0.06642   0.01433
   271/299     7.35G   0.01486   0.01406  0.001513   0.03043       106       640    0.9218    0.9369    0.9128    0.6575   0.02798   0.06658   0.01408
   272/299     7.35G   0.01502     0.013  0.001577    0.0296        79       640    0.9197    0.9369    0.9097    0.6541    0.0283   0.06595   0.01383
   273/299     7.35G   0.01501   0.01317   0.00152    0.0297       102       640    0.9229    0.9436    0.9122    0.6446   0.02818   0.06722   0.01399
   274/299     7.35G   0.01471   0.01339  0.001575   0.02968       111       640    0.9209    0.9299    0.9115    0.6612   0.02789    0.0659   0.01458
   275/299     7.35G   0.01492   0.01306  0.001505   0.02949        90       640    0.9247    0.9412    0.9198    0.6646   0.02769   0.06642   0.01382
   276/299     7.35G   0.01469   0.01322  0.001518   0.02942        38       640    0.9279    0.9413    0.9272    0.6599   0.02797   0.06632    0.0133
   277/299     7.35G    0.0149   0.01305   0.00152   0.02947        73       640    0.9221     0.939    0.9174    0.6609   0.02807   0.06563   0.01335
   278/299     7.35G   0.01505   0.01356  0.001615   0.03023       110       640    0.9312    0.9398    0.8932    0.6338   0.02795   0.06596   0.01343
   279/299     7.35G   0.01489   0.01403  0.001579    0.0305       175       640    0.9222    0.9414    0.8951    0.6344   0.02794   0.06599   0.01366
   280/299     7.35G   0.01499   0.01384  0.001583   0.03041       118       640    0.9141    0.9322    0.9022     0.643   0.02783   0.06524   0.01391
   281/299     7.35G   0.01489   0.01376  0.001457    0.0301        99       640    0.9227    0.9406    0.8991    0.6425   0.02797   0.06584   0.01341
   282/299     7.35G   0.01493   0.01324  0.001433   0.02961        82       640    0.9129    0.9369    0.8992    0.6432     0.028   0.06535   0.01378
   283/299     7.35G   0.01465   0.01381  0.001491   0.02995        60       640    0.9125    0.9339    0.9047    0.6586    0.0277   0.06677   0.01375
   284/299     7.35G   0.01481   0.01337  0.001572   0.02975       101       640    0.9165    0.9369     0.916    0.6641   0.02753   0.06676   0.01362
   285/299     7.35G   0.01491   0.01376  0.001399   0.03007        66       640    0.9167    0.9323    0.9094    0.6637   0.02753   0.06695   0.01388
   286/299     7.35G   0.01479   0.01334  0.001532   0.02967        34       640    0.9194    0.9369    0.9008    0.6435   0.02761   0.06533   0.01355
   287/299     7.35G   0.01486   0.01427  0.001556   0.03069        98       640    0.9237    0.9344    0.8978    0.6423   0.02777   0.06643   0.01345
   288/299     7.35G   0.01492   0.01281  0.001536   0.02926        71       640    0.9186    0.9415    0.9128    0.6581   0.02785   0.06652   0.01354
   289/299     7.35G   0.01495   0.01432  0.001515   0.03078        60       640    0.9217    0.9369    0.9063    0.6472   0.02772   0.06686   0.01363
   290/299     7.35G   0.01489   0.01412  0.001393    0.0304       108       640    0.9241    0.9393     0.916     0.656   0.02797   0.06683   0.01377
   291/299     7.35G   0.01466   0.01307  0.001478   0.02921        87       640    0.9243    0.9415    0.9283    0.6667   0.02781   0.06741   0.01402
   292/299     7.35G   0.01459   0.01284  0.001337   0.02876        79       640     0.927     0.946    0.9096    0.6543   0.02798   0.06794   0.01371
   293/299     7.35G    0.0146   0.01343  0.001379   0.02941        95       640    0.9247     0.946    0.9085    0.6579   0.02786   0.06757   0.01371
   294/299     7.35G   0.01502   0.01339   0.00157   0.02998       140       640    0.9266    0.9404    0.9189    0.6657   0.02775   0.06755   0.01367
   295/299     7.35G   0.01483   0.01343  0.001469   0.02973       104       640    0.9157     0.939    0.9144    0.6608   0.02773   0.06645   0.01388
   296/299     7.35G   0.01489   0.01276  0.001402   0.02904        71       640    0.9154     0.939     0.913    0.6533   0.02781   0.06721    0.0142
   297/299     7.35G   0.01479   0.01294  0.001319   0.02904        76       640    0.9215    0.9415    0.9077    0.6576   0.02783   0.06779   0.01384
   298/299     7.35G   0.01477   0.01323  0.001362   0.02936       100       640    0.9256    0.9415    0.9013    0.6383   0.02801   0.06855   0.01362
   299/299     7.35G   0.01496   0.01349  0.001422   0.02988        66       640      0.92    0.9391    0.9123     0.658   0.02784   0.06796   0.01361
