     0/299     7.36G   0.06121    0.8553    0.2309     1.147        33       640         0         0         0         0    0.1072    0.2028     0.287
     1/299     7.38G   0.06591    0.1025    0.2399    0.4084       141       640   0.01631   0.08461  0.007025  0.001798    0.1069    0.1092    0.2794
     2/299     7.38G   0.08621    0.0587    0.2706    0.4155        63       640   0.01817    0.1415  0.008145  0.002069     0.105    0.1001    0.2629
     3/299     7.39G   0.08611   0.06202    0.2516    0.3997       187       640   0.02068    0.1451  0.008327  0.002898   0.09168    0.1043     0.234
     4/299     7.39G   0.07943   0.07182    0.2186    0.3699        81       640   0.02512    0.2577    0.0143  0.006862    0.0675     0.114     0.185
     5/299     7.39G   0.07035   0.08295    0.1666    0.3199        74       640    0.2003    0.2536   0.01624  0.009106    0.0618    0.1215    0.1281
     6/299     7.39G   0.06397   0.09266    0.1106    0.2672        30       640    0.3067    0.1921   0.01041  0.004708   0.06732    0.1186   0.08791
     7/299     7.39G   0.05931   0.09999   0.07607    0.2354       160       640   0.08019    0.2142   0.01461  0.007924   0.05879     0.115   0.06419
     8/299     7.39G   0.05298    0.1037   0.06031     0.217        90       640   0.02175     0.222   0.01547  0.007324   0.05619    0.1142   0.05992
     9/299     7.39G   0.05178   0.09619   0.05377    0.2017        57       640     0.198      0.21    0.0176  0.007536   0.05944    0.1112   0.05323
    10/299     7.67G   0.05088   0.09942   0.05116    0.2015        80       640    0.1687    0.2292   0.01982   0.01065   0.07019    0.1088    0.0528
    11/299     7.67G   0.04568    0.0871   0.04918     0.182       154       640    0.3169     0.209   0.02296   0.01131   0.08175   0.09119   0.05009
    12/299     7.67G   0.04817   0.09243   0.04965    0.1903       157       640   0.02488    0.2602   0.02392   0.01284   0.06243    0.1184   0.04996
    13/299     7.67G   0.04459    0.0999   0.04856     0.193       224       640    0.2997    0.2063   0.02548   0.01349   0.06929   0.09878   0.04915
    14/299     7.67G   0.04145    0.1006    0.0479    0.1899       162       640    0.3626    0.2398    0.0312   0.01593    0.0557    0.1093   0.04876
    15/299     8.07G   0.04046   0.09965    0.0471    0.1872       101       640    0.2937    0.2641   0.03155   0.01838   0.04781    0.1199   0.04869
    16/299     8.07G   0.04173     0.105   0.04716    0.1939        20       640    0.3219    0.2477   0.03227   0.01898   0.07762    0.0922   0.04914
    17/299     8.07G   0.04242   0.09446   0.04789    0.1848        47       640    0.2357     0.252   0.03794   0.02285   0.07109   0.09937   0.04962
    18/299     8.07G   0.03806     0.095   0.04723    0.1803        33       640    0.4126     0.187   0.03942   0.02424   0.05935   0.09547   0.04859
    19/299     8.07G   0.03724   0.09351   0.04625     0.177       172       640    0.3526    0.2928   0.05079   0.03227   0.06294   0.09509   0.04834
    20/299     8.07G    0.0342    0.1104   0.04613    0.1907       143       640    0.2642    0.2985   0.05818   0.03744   0.05294   0.09674   0.04876
    21/299     8.07G   0.03359    0.0996   0.04615    0.1793       149       640    0.4479    0.2242   0.06361   0.04115   0.05343    0.1076   0.04879
    22/299     8.07G   0.03247   0.09875   0.04555    0.1768        57       640    0.1835       0.3   0.07163    0.0468   0.06206   0.08899   0.04824
    23/299     8.07G   0.03243   0.08868    0.0456    0.1667       123       640    0.3998    0.2883   0.07796    0.0486   0.06185   0.08971   0.04795
    24/299     8.07G   0.03341   0.08974   0.04497    0.1681        93       640     0.391    0.2464    0.0774   0.04662   0.05942   0.09983   0.04834
    25/299     8.07G     0.032   0.09245   0.04407    0.1685       110       640    0.3916    0.3186   0.08426   0.05269   0.05855   0.09978   0.04745
    26/299     8.07G   0.03317    0.1013    0.0426    0.1771       343       640    0.4215    0.2752   0.08478   0.05031   0.05478    0.1033   0.04708
    27/299     8.07G   0.03088   0.09617   0.04139    0.1684       110       640    0.4197    0.2971   0.08699   0.05596    0.0535    0.1006   0.04684
    28/299     8.07G   0.03042   0.09625   0.04071    0.1674       122       640    0.3946     0.333   0.09194   0.06069   0.05143    0.1069   0.04663
    29/299     8.07G   0.03058   0.09754   0.03959    0.1677        81       640    0.3933    0.3013   0.09133     0.057   0.05661    0.1057   0.04668
    30/299     8.07G   0.03083   0.09794    0.0392     0.168       193       640     0.564    0.2663    0.1048   0.06996   0.04818    0.1067   0.04661
    31/299     8.07G    0.0288   0.09388   0.03817    0.1608        32       640     0.597     0.263    0.1155   0.07465   0.04791    0.1059    0.0472
    32/299     8.07G   0.02955   0.08991   0.03858     0.158        13       640     0.538    0.2655    0.1261   0.08035   0.04905    0.1143   0.04673
    33/299     8.07G   0.03062   0.09433   0.03784    0.1628        34       640    0.5011    0.3207    0.1192    0.0784   0.05016    0.1101   0.04682
    34/299     8.07G   0.02819    0.0996   0.03787    0.1657        80       640    0.5335    0.2618    0.1181    0.0719    0.0498    0.1085   0.04659
    35/299     8.07G   0.02996   0.09723   0.03745    0.1646       146       640    0.3859    0.3301    0.1211   0.07272   0.05073    0.1075   0.04661
    36/299     8.07G   0.02941   0.08949    0.0369    0.1558        45       640    0.5151    0.3151    0.1429   0.09261   0.04861    0.1091   0.04639
    37/299     8.07G   0.02971   0.09181   0.03625    0.1578       105       640    0.3923    0.3132    0.1534   0.09846   0.05046    0.1075   0.04616
    38/299     8.07G    0.0291   0.08921   0.03638    0.1547        64       640    0.3844    0.2868    0.1791    0.1129   0.04884    0.1042   0.04594
    39/299     8.07G   0.02728   0.08968   0.03611    0.1531       148       640    0.4529    0.2995     0.175    0.1153     0.049     0.128   0.04556
    40/299     8.07G   0.02752     0.096   0.03538    0.1589       172       640    0.4142    0.3572    0.1959    0.1278   0.04953     0.102   0.04519
    41/299     8.07G   0.02759   0.09121   0.03605    0.1548        43       640    0.4691    0.3089     0.224    0.1366   0.04912    0.1052   0.04477
    42/299     8.07G   0.02697    0.0902   0.03477    0.1519        12       640     0.616    0.2534    0.2345    0.1545   0.04922    0.1062   0.04431
    43/299     8.07G   0.02796   0.09052   0.03438    0.1529        63       640    0.6293    0.2555    0.2454    0.1486   0.04922    0.1101   0.04412
    44/299     8.07G   0.02825   0.08639   0.03327    0.1479        32       640     0.731    0.2326    0.2558    0.1652   0.04717    0.1199   0.04383
    45/299     8.07G   0.02733    0.0893   0.03304    0.1497        67       640    0.5862    0.2856     0.269    0.1769   0.04546    0.1126   0.04355
    46/299     8.07G   0.02729   0.08564   0.03235    0.1453        74       640    0.8234    0.2436    0.2829    0.1854    0.0449    0.1215   0.04307
    47/299     8.07G   0.02786   0.08206   0.03208     0.142        27       640    0.8373     0.242    0.3027    0.2017   0.04143    0.1227   0.04259
    48/299     8.07G   0.02823    0.0884   0.03168    0.1483       203       640    0.5977    0.3499    0.3151    0.2007   0.04057    0.1292   0.04156
    49/299     8.07G   0.02688   0.08619   0.03091     0.144        22       640    0.6746    0.3552    0.3362    0.2265   0.03892    0.1312   0.04082
    50/299     8.07G   0.02728   0.08315   0.03064    0.1411        89       640    0.7261    0.3345    0.3566    0.2229   0.03983    0.1373   0.04011
    51/299     8.07G   0.02809   0.08512   0.02924    0.1424        87       640    0.6511    0.4247    0.3723    0.2393   0.03904    0.1377   0.03943
    52/299     8.07G   0.02864   0.08558   0.02971    0.1439        44       640    0.5994    0.4379    0.3799    0.2386   0.04215    0.1389   0.03893
    53/299     8.07G   0.02832   0.08224   0.02888    0.1394       187       640    0.6834    0.4329    0.3992    0.2652   0.03742     0.138   0.03822
    54/299     8.07G   0.02701   0.08366   0.02835     0.139        59       640    0.7034     0.428    0.4256    0.2789   0.03596    0.1442    0.0377
    55/299     8.07G   0.02752   0.08223    0.0276    0.1373        92       640    0.7344     0.392    0.4182    0.2431    0.0404    0.1497   0.03703
    56/299     8.07G    0.0286   0.08447   0.02758    0.1406        96       640    0.6744    0.4279    0.4209    0.2657   0.03714    0.1453   0.03671
    57/299     8.07G   0.02729   0.08336   0.02618    0.1368       143       640    0.7208    0.4536    0.4762    0.2983   0.03528    0.1537   0.03597
    58/299     8.07G   0.02635   0.07925   0.02538     0.131        66       640    0.7306    0.4239    0.4801    0.3033   0.03592    0.1549   0.03526
    59/299     8.07G   0.02709    0.0826   0.02445    0.1341        86       640    0.7493    0.4201    0.4898    0.3202   0.03616    0.1662   0.03471
    60/299     8.07G   0.02734   0.07701   0.02328    0.1276       107       640    0.7399    0.4356    0.4991     0.322   0.03588    0.1658   0.03446
    61/299     8.07G   0.02741   0.07552   0.02234    0.1253        35       640    0.7528    0.4449    0.5225    0.3159    0.0383     0.171     0.034
    62/299     8.07G   0.02857   0.08173   0.02274     0.133       117       640    0.7644    0.4789     0.531    0.3434   0.03668    0.1553   0.03372
    63/299     8.07G   0.02682   0.07717   0.02155    0.1255        58       640    0.7724    0.4867    0.5318    0.3414   0.03566     0.164   0.03334
    64/299     8.07G   0.02657   0.07701   0.02051    0.1241        50       640     0.756    0.5228    0.5499     0.355   0.03617     0.168   0.03282
    65/299     8.07G   0.02756    0.0765   0.01995     0.124       112       640    0.7868    0.5223    0.5407    0.3519    0.0353    0.1727   0.03223
    66/299     8.07G   0.02748   0.07403   0.01899    0.1205       484       640    0.7851    0.5327     0.563    0.3651   0.03622    0.1816    0.0317
    67/299     8.07G   0.02702   0.07225   0.01872     0.118        76       640    0.8029    0.5341    0.5616     0.354   0.03647    0.1779   0.03132
    68/299     8.07G   0.02744   0.07635   0.01825     0.122        86       640    0.7973    0.5413    0.5945    0.3866   0.03608    0.1797   0.03116
    69/299     8.07G   0.02722   0.07439   0.01715    0.1188       125       640    0.7691    0.5875    0.6028    0.3812   0.03632    0.1832   0.03058
    70/299     8.07G   0.02731   0.07389   0.01645    0.1176        98       640    0.8217    0.5677    0.6034    0.3972   0.03585    0.1797   0.03036
    71/299     8.07G   0.02782   0.07042   0.01592    0.1142        73       640    0.8384    0.5805    0.6144    0.3877   0.03566    0.1892   0.03002
    72/299     8.07G   0.02769   0.07525    0.0156    0.1185       138       640    0.7887    0.5924    0.6213    0.4077   0.03586    0.1773   0.02982
    73/299     8.07G    0.0276   0.07221   0.01579    0.1156       206       640    0.8192    0.5786    0.6346    0.4182   0.03579    0.1858    0.0297
    74/299     8.07G   0.02682    0.0714   0.01487    0.1131       100       640    0.8232    0.5943    0.6482    0.4197   0.03528     0.187   0.02963
    75/299     8.07G    0.0273   0.07302   0.01431    0.1146       253       640     0.849    0.5757    0.6432    0.4176   0.03459    0.1932   0.02913
    76/299     8.08G    0.0282   0.06954   0.01379    0.1115        40       640    0.8734    0.5857    0.6437    0.4173   0.03594    0.1944    0.0288
    77/299     8.08G   0.02736    0.0727   0.01344    0.1135       224       640      0.83    0.5935    0.6506    0.4131   0.03524     0.195   0.02858
    78/299     8.08G    0.0269   0.06795   0.01328    0.1081        35       640    0.7095    0.6518     0.668      0.43   0.03447    0.2033   0.02829
    79/299     8.08G   0.02641   0.07154   0.01344    0.1114       190       640    0.7906      0.62    0.6674    0.4176    0.0347    0.2007   0.02791
    80/299     8.08G    0.0262   0.06994   0.01268    0.1088       163       640    0.8261    0.6195    0.6867    0.4388   0.03433    0.1925    0.0277
    81/299     8.08G   0.02639   0.06943   0.01211    0.1079       101       640    0.7036    0.7059    0.6895    0.4327   0.03523    0.1994   0.02737
    82/299     8.08G    0.0264   0.06672   0.01206    0.1052        23       640    0.7094    0.7068    0.7014    0.4561    0.0349    0.1971   0.02747
    83/299     8.08G   0.02679   0.06719    0.0117    0.1057       106       640    0.7405    0.7185    0.7191    0.4595   0.03675    0.1982   0.02722
    84/299     8.08G   0.02691    0.0677   0.01163    0.1062       106       640    0.6707    0.7273    0.6967    0.4384   0.03596     0.201   0.02742
    85/299     8.08G   0.02769   0.06657   0.01115    0.1054        36       640    0.7039    0.7553    0.7232    0.4681    0.0365    0.1976   0.02691
    86/299     8.08G   0.02574   0.06361   0.01066       0.1       159       640    0.7921    0.7249    0.7094    0.4596   0.03475    0.2014   0.02656
    87/299     8.08G   0.02478   0.06438   0.01021   0.09938        29       640    0.8215    0.6748    0.7018    0.4499   0.03625    0.2121   0.02626
    88/299     8.08G   0.02561   0.06807   0.01015    0.1038       211       640    0.7843    0.7433    0.7272    0.4554   0.03548    0.2116   0.02638
    89/299     8.08G   0.02601    0.0651   0.01001    0.1011       158       640    0.8145    0.7111    0.7167    0.4534   0.03567    0.2129   0.02623
    90/299     8.08G   0.02547   0.06309   0.00958   0.09815        73       640    0.8196    0.7382     0.741    0.4797   0.03529    0.2139   0.02602
    91/299     8.08G    0.0254    0.0671  0.009643    0.1021        83       640    0.8301    0.7338    0.7398    0.4814   0.03501     0.203   0.02603
    92/299     8.08G   0.02471   0.06296  0.009913   0.09758       174       640    0.8496    0.7278     0.758     0.497   0.03647    0.2146   0.02611
    93/299     8.08G   0.02619   0.06231  0.009081   0.09758        48       640      0.85    0.7319    0.7549    0.4889   0.03585    0.2176   0.02631
    94/299     8.08G   0.02438   0.06243  0.008993    0.0958        84       640    0.8591    0.7327    0.7585    0.4951   0.03557    0.2105   0.02615
    95/299     8.08G   0.02563   0.06524  0.009215    0.1001        10       640    0.8366    0.7265    0.7482    0.4663   0.03561    0.2179   0.02592
    96/299     8.08G   0.02525   0.06636  0.008633    0.1002        35       640    0.8535    0.7076    0.7545    0.4875   0.03613    0.2215   0.02593
    97/299     8.08G   0.02496   0.06174  0.008964   0.09566       159       640    0.8356    0.7463    0.7427    0.4882    0.0359    0.2105   0.02539
    98/299     8.08G    0.0243   0.06367  0.009073   0.09704       250       640    0.8368    0.7353    0.7469    0.4854   0.03607    0.2145   0.02588
    99/299     8.08G    0.0251   0.06254  0.008653    0.0963       111       640    0.8487    0.7289    0.7404    0.4846   0.03587    0.2315   0.02593
   100/299     8.08G   0.02472    0.0631  0.008791   0.09661       103       640     0.852    0.7337    0.7436    0.4754   0.03628    0.2192   0.02559
   101/299     8.08G   0.02542   0.06246  0.008672   0.09655        89       640    0.7577    0.7906    0.7541    0.5013   0.03575    0.2161   0.02561
   102/299     8.08G   0.02385   0.06199  0.008487   0.09433       114       640    0.7648    0.7769    0.7645    0.4915   0.03705    0.2277   0.02547
   103/299     8.08G   0.02458    0.0601  0.007925    0.0926       214       640    0.7942     0.771    0.7626    0.4857    0.0376    0.2245    0.0261
   104/299     8.08G   0.02566   0.06519  0.008072   0.09892       241       640    0.8133    0.7579    0.7603    0.5103   0.03604    0.2236   0.02559
   105/299     8.08G   0.02405   0.06257  0.007494   0.09411       110       640    0.8149    0.7692    0.7561    0.4963   0.03486    0.2185   0.02503
   106/299     8.08G   0.02447   0.06047  0.007111   0.09205        75       640    0.8105    0.7904     0.762    0.5011   0.03557    0.2298   0.02507
   107/299     8.08G   0.02343   0.05763  0.007289   0.08835        51       640    0.8011    0.7913    0.7496    0.4964   0.03603    0.2129   0.02474
   108/299     8.08G   0.02364   0.06296   0.00757   0.09417       240       640    0.8186    0.7665    0.7581    0.4863   0.03802    0.2335   0.02499
   109/299     8.08G   0.02438   0.05936  0.007418   0.09116        64       640    0.7963    0.7744    0.7413    0.4773   0.03849    0.2381    0.0254
   110/299     8.08G    0.0234   0.05953  0.007436   0.09036       106       640    0.8156    0.7867    0.7625     0.504   0.03696    0.2317   0.02475
   111/299     8.08G   0.02343   0.05904   0.00737   0.08984        15       640     0.839    0.7738     0.768    0.5092   0.03552    0.2325   0.02459
   112/299     8.08G   0.02308    0.0581  0.007393   0.08858       100       640    0.8274    0.7666    0.7603     0.498    0.0358    0.2256   0.02487
   113/299     8.08G   0.02255   0.05998  0.006686   0.08922       193       640    0.8171    0.7865    0.7617    0.5004   0.03676    0.2395   0.02465
   114/299     8.08G   0.02403    0.0585  0.006884   0.08941        45       640    0.8307    0.7773    0.7673    0.5081     0.036    0.2299   0.02435
   115/299     8.08G    0.0237    0.0598   0.00695   0.09045       105       640    0.8293    0.7749    0.7586    0.4992   0.03662    0.2311   0.02464
   116/299     8.08G    0.0238   0.05933  0.007498   0.09063       114       640    0.8068    0.7803    0.7641    0.4884   0.03796    0.2464   0.02482
   117/299     8.08G    0.0233   0.05826  0.006896   0.08846        93       640    0.8103    0.7753    0.7566    0.4903   0.03749    0.2352   0.02491
   118/299     8.08G   0.02209   0.05917  0.006702   0.08796        96       640    0.8263    0.7763    0.7651    0.5083   0.03717    0.2377   0.02441
   119/299     8.08G   0.02282    0.0602  0.006845   0.08987        33       640    0.8281    0.7829    0.7711    0.5111   0.03523    0.2342   0.02398
   120/299     8.08G   0.02266   0.05868  0.006671   0.08801        93       640    0.8282    0.7724    0.7622    0.4943   0.03649    0.2451   0.02422
   121/299     8.08G   0.02303   0.06041   0.00663   0.09006       235       640    0.8604    0.7734    0.7675    0.5137   0.03626    0.2346   0.02388
   122/299     8.08G   0.02265   0.05678  0.006565   0.08599        31       640    0.8404    0.7797    0.7549    0.4966   0.03792     0.242   0.02447
   123/299     8.08G   0.02263   0.05426  0.006621   0.08351        48       640    0.8187     0.799    0.7693    0.5053   0.03591    0.2402   0.02387
   124/299     8.08G   0.02275   0.05707  0.006543   0.08636       140       640    0.8328    0.8058    0.7788     0.517   0.03597    0.2436   0.02391
   125/299     8.08G   0.02256   0.05531  0.005717   0.08359        42       640    0.8398    0.7951    0.7741    0.5059   0.03585      0.25   0.02404
   126/299     8.08G   0.02217    0.0567  0.006059   0.08493        21       640    0.8356     0.786    0.7752    0.5093   0.03547    0.2441   0.02426
   127/299     8.08G   0.02166   0.05691  0.005763   0.08433        84       640    0.8351    0.7835    0.7793    0.5072   0.03621    0.2384   0.02381
   128/299     8.08G   0.02356   0.06009  0.006172   0.08983        56       640    0.8213    0.7831    0.7651    0.4969   0.03523    0.2452   0.02398
   129/299     8.08G   0.02195    0.0546  0.006032   0.08258        51       640    0.8446    0.7692    0.7571    0.4911   0.03604    0.2517   0.02371
   130/299     8.08G   0.02166   0.05694  0.006131   0.08473       115       640    0.8433    0.7912    0.7719     0.509   0.03639    0.2547   0.02343
   131/299     8.08G   0.02119   0.05422  0.005858   0.08126        36       640     0.844    0.7905    0.7768    0.5093   0.03597    0.2521   0.02348
   132/299     8.08G   0.02212    0.0561  0.006017   0.08424       123       640     0.838    0.7813    0.7706    0.5064   0.03672    0.2533   0.02401
   133/299     8.29G   0.02205   0.05799  0.006133   0.08618        54       640    0.8248    0.7894    0.7733    0.5169   0.03661    0.2785   0.02373
   134/299     8.29G   0.02146   0.05617  0.005562    0.0832       178       640    0.8223     0.798    0.7799    0.5241   0.03487    0.2678   0.02317
   135/299     8.29G    0.0228    0.0586  0.005829   0.08723       141       640    0.8235    0.7938    0.7784    0.5144   0.03614    0.2727   0.02361
   136/299     8.29G   0.02096   0.05594  0.006202   0.08309       166       640    0.8416    0.7803    0.7925    0.5225   0.03462    0.2591   0.02331
   137/299     8.29G   0.02144   0.05562  0.005277   0.08234       190       640    0.8343    0.8031    0.7847    0.5211   0.03485     0.261   0.02307
   138/299     8.29G   0.02196   0.05757  0.005527   0.08506       155       640    0.8376    0.7937    0.7806    0.5203   0.03446    0.2614   0.02305
   139/299     8.29G   0.02079   0.05468  0.005358   0.08082        22       640    0.8598    0.7602    0.7757    0.5239   0.03575    0.2722   0.02354
   140/299     8.29G    0.0216   0.05507  0.005451   0.08212       171       640    0.8327     0.793     0.778    0.5067   0.03623    0.2545   0.02331
   141/299     8.29G   0.02147   0.05713  0.005761   0.08436       198       640     0.831    0.7841    0.7653    0.5086   0.03612    0.2707   0.02313
   142/299     8.29G   0.02121   0.05388  0.005412    0.0805        91       640    0.8451    0.7756    0.7675     0.508   0.03461    0.2501   0.02306
   143/299     8.29G   0.02095   0.05362  0.005264   0.07983        27       640    0.8398    0.7813    0.7617    0.5052   0.03503    0.2633   0.02351
   144/299     8.29G   0.02096     0.058  0.005718   0.08468       259       640    0.8323    0.7852      0.77    0.5155   0.03542    0.2727   0.02369
   145/299     8.29G   0.02078   0.05402  0.005394    0.0802        25       640    0.8099    0.7912    0.7617    0.5046   0.03515    0.2718   0.02378
   146/299     9.46G   0.02028    0.0545  0.005399   0.08018        31       640    0.8154    0.7916    0.7593    0.5073   0.03454    0.2697   0.02403
   147/299     9.46G   0.02076   0.05626   0.00536   0.08238       166       640    0.8439    0.7776    0.7683     0.505   0.03549    0.2763   0.02369
   148/299     9.46G   0.02078   0.05455  0.005471   0.08081       135       640    0.8414    0.7677     0.773    0.5116   0.03625     0.268   0.02368
   149/299     9.46G   0.02011   0.05354  0.005293   0.07894        96       640    0.7987    0.8212    0.7829    0.5178   0.03525    0.2609    0.0231
   150/299     9.46G   0.02024   0.05433  0.005157   0.07973        31       640    0.8352    0.7773    0.7709    0.5157   0.03488    0.2668   0.02367
   151/299     9.46G   0.02073   0.05605   0.00558   0.08236        57       640    0.8356    0.7874    0.7735    0.5121   0.03532     0.277    0.0237
   152/299     9.46G   0.02123   0.05397  0.005541   0.08074       111       640     0.828    0.8015    0.7875    0.5249   0.03626    0.2756    0.0234
   153/299     9.46G   0.02039   0.05798  0.005457   0.08383       165       640    0.8247    0.8099    0.7901    0.5199   0.03625    0.2735   0.02319
   154/299     9.46G    0.0202   0.05311  0.004767   0.07808        43       640    0.7976    0.7973    0.7798    0.5049    0.0363    0.2701   0.02392
   155/299     9.46G   0.01933   0.05057  0.004837   0.07473        48       640    0.7903    0.8324    0.7908    0.5199   0.03545    0.2674   0.02347
   156/299     9.46G   0.01996   0.05059  0.005054    0.0756        28       640    0.7856    0.8261    0.7943    0.5229   0.03523    0.2712   0.02277
   157/299     9.46G   0.01971   0.05219  0.004819   0.07671        51       640     0.789     0.823    0.7945    0.5362    0.0341    0.2687   0.02304
   158/299     9.46G   0.02035   0.05369  0.005069   0.07911        60       640    0.7684    0.8276    0.7903    0.5328   0.03557    0.2794   0.02351
   159/299     9.46G   0.01951   0.05057  0.005056   0.07513        17       640    0.7909    0.8233    0.7889    0.5273   0.03481    0.2738   0.02326
   160/299     9.46G   0.01975    0.0531  0.005236   0.07809        67       640    0.8125    0.8249    0.7964    0.5359   0.03488    0.2737   0.02329
   161/299     9.46G   0.01989   0.05331  0.004982   0.07818        43       640    0.8311    0.8117    0.7946    0.5316    0.0353    0.2712   0.02291
   162/299     9.46G   0.01912   0.04919  0.004097    0.0724       164       640    0.8164    0.7958    0.7816    0.5224   0.03561    0.2822   0.02357
   163/299     9.46G    0.0198   0.05142  0.005046   0.07627       147       640    0.7951    0.8074    0.7859    0.5255   0.03554    0.2802   0.02339
   164/299     9.46G   0.02001   0.05402  0.005162   0.07919       130       640    0.7994    0.8227    0.7838    0.5272   0.03612    0.2821   0.02239
   165/299     9.46G   0.01894    0.0481  0.004116   0.07116       107       640    0.8001    0.8224    0.7806     0.518   0.03494    0.2756   0.02316
   166/299     9.46G   0.01914   0.05011  0.004249    0.0735       176       640    0.8209    0.8009    0.7801    0.5239   0.03509    0.2813   0.02272
   167/299     9.46G   0.01907   0.04976  0.004596   0.07342       138       640    0.8287    0.8048    0.7869    0.5226   0.03455    0.2775   0.02258
   168/299     9.46G   0.01984   0.05196  0.004795    0.0766        15       640    0.8416    0.7846    0.7836    0.5195   0.03501    0.2864   0.02267
   169/299     9.46G   0.01901   0.04856   0.00437   0.07194        85       640     0.844    0.8004    0.7911    0.5296   0.03492    0.2753   0.02238
   170/299     9.46G   0.01836   0.04923  0.004021   0.07161       166       640    0.8194    0.8025    0.7991    0.5326   0.03544    0.2716   0.02286
   171/299     9.46G   0.01869   0.05181  0.004072   0.07457       190       640    0.8004    0.8116    0.7848    0.5211   0.03574    0.2767    0.0228
   172/299     9.46G   0.01852   0.04811  0.004294   0.07092        40       640    0.8296       0.8    0.7817    0.5222   0.03475    0.2724    0.0227
   173/299     9.46G   0.01888   0.05107  0.004446   0.07439       216       640    0.8175    0.8125     0.786    0.5201   0.03613    0.2755   0.02248
   174/299     9.46G   0.01841   0.05294   0.00441   0.07576        97       640    0.7982    0.8115    0.7786    0.5192   0.03462    0.2675   0.02256
   175/299     9.46G   0.01862   0.05052  0.004471   0.07361       191       640    0.7747     0.813    0.7761    0.5154   0.03477    0.2719   0.02293
   176/299     9.46G   0.01913   0.05106  0.004844   0.07503        88       640    0.8128    0.8271    0.7926      0.53   0.03449    0.2801    0.0225
   177/299     9.46G   0.01922   0.05082  0.004663    0.0747        27       640    0.8172    0.7835    0.7809    0.5209   0.03545    0.2826   0.02303
   178/299     9.46G   0.01927   0.05292  0.004751   0.07694       157       640     0.842    0.7671    0.7786    0.5242   0.03568    0.2878   0.02347
   179/299     9.46G   0.01787   0.05027  0.004112   0.07225        58       640    0.8122    0.7896    0.7628    0.5155   0.03501    0.2877   0.02358
   180/299     9.46G    0.0184   0.05077  0.004626    0.0738        82       640    0.8224    0.7756    0.7615    0.5163   0.03467      0.29   0.02326
   181/299     9.46G   0.01878   0.05137  0.004353    0.0745       117       640    0.8045    0.8069    0.7727    0.5166   0.03531    0.2904     0.023
   182/299     9.46G   0.01777   0.04703  0.004237   0.06903        59       640    0.8198    0.8096    0.7788    0.5196   0.03574    0.2861   0.02282
   183/299     9.46G    0.0179    0.0472  0.004049   0.06914        91       640    0.7985    0.8124    0.7827    0.5188    0.0359    0.2912   0.02267
   184/299     9.46G   0.01807   0.05047  0.004206   0.07274       402       640    0.8274    0.8087    0.7873    0.5312   0.03447      0.29    0.0222
   185/299     9.46G   0.01802   0.04942  0.004017   0.07146       137       640    0.8279    0.8015    0.7807    0.5242   0.03437    0.2828   0.02215
   186/299     9.46G   0.01808   0.04841  0.004378   0.07087       146       640    0.8123    0.8005    0.7738    0.5231   0.03584    0.2939   0.02231
   187/299     9.46G   0.01692   0.04676  0.003387   0.06706        58       640    0.7923     0.823    0.7852    0.5315    0.0364    0.2928    0.0221
   188/299     9.46G   0.01769   0.04787  0.003926   0.06949       125       640    0.8169    0.8281    0.7937     0.537   0.03554    0.2887   0.02232
   189/299     9.46G   0.01804    0.0488  0.004128   0.07097        49       640     0.821      0.82    0.7931    0.5354   0.03512    0.2972   0.02186
   190/299     9.46G   0.01768   0.04682  0.003722   0.06822        88       640    0.8213    0.8146    0.7896    0.5297   0.03589    0.2992   0.02188
   191/299     9.46G   0.01848   0.05086  0.004736   0.07407       174       640     0.804    0.8245    0.7964    0.5336   0.03582    0.2931   0.02202
   192/299     9.46G   0.01748   0.04746  0.003888   0.06882       132       640    0.7957    0.8396    0.7983    0.5377   0.03559     0.293   0.02205
   193/299     9.46G   0.01785   0.04635   0.00416   0.06837        37       640    0.8141    0.8137    0.7926    0.5316   0.03563    0.2948   0.02263
   194/299     9.46G   0.01725   0.04964  0.004049   0.07093        97       640     0.805     0.818    0.7911    0.5349   0.03466    0.2946   0.02251
   195/299     9.46G   0.01697   0.04692  0.003889   0.06778       245       640    0.7987    0.8326    0.7919    0.5392   0.03429    0.2904   0.02207
   196/299     9.46G    0.0173   0.04661  0.003905   0.06782       181       640    0.8235    0.8025    0.7908    0.5396   0.03485     0.296   0.02251
   197/299     9.46G   0.01787   0.04835  0.004052   0.07026       125       640    0.8275    0.8098    0.7932    0.5382   0.03507    0.2995   0.02272
   198/299     9.46G   0.01747    0.0441  0.003812   0.06539       190       640    0.8303    0.7965    0.7906    0.5349   0.03615    0.3042   0.02274
   199/299     9.46G   0.01692   0.04636   0.00368   0.06697        92       640    0.8228    0.8038    0.7903    0.5359   0.03558    0.3013   0.02257
   200/299     9.46G    0.0171   0.04564  0.003779   0.06651        44       640    0.8338    0.7943    0.7921    0.5372   0.03525    0.3037    0.0226
   201/299     9.46G   0.01704   0.04698  0.003623   0.06764        62       640    0.7979    0.8396    0.7982    0.5428   0.03553    0.2992   0.02238
   202/299     9.46G   0.01737   0.04606  0.003802   0.06723       254       640    0.8257    0.8129     0.798    0.5389   0.03617    0.3072   0.02211
   203/299     9.46G   0.01686   0.04801   0.00391   0.06878        17       640    0.8216    0.8146    0.7982    0.5357   0.03605    0.3014   0.02197
   204/299     9.46G   0.01714   0.04742  0.003432   0.06799       116       640    0.8167    0.8083    0.7904    0.5324   0.03565    0.3059   0.02242
   205/299     9.46G   0.01658   0.04566  0.003963    0.0662        85       640    0.8332    0.8172    0.7985    0.5417   0.03486    0.3077   0.02214
   206/299     9.46G   0.01667   0.04594  0.003616   0.06623       114       640    0.8285    0.7955    0.7874    0.5317   0.03576     0.312   0.02263
   207/299     9.46G    0.0172   0.04809   0.00398   0.06927        75       640    0.8263    0.8017    0.7851    0.5263   0.03591    0.3135   0.02277
   208/299     9.46G   0.01697   0.04697  0.003508   0.06745       137       640    0.8233    0.8144    0.7928    0.5296   0.03608      0.31   0.02247
   209/299     9.46G   0.01661   0.04925   0.00377   0.06962       163       640    0.8348    0.8055    0.7851    0.5289   0.03565    0.3061   0.02268
   210/299     9.46G   0.01701   0.04442  0.003605   0.06504        18       640    0.8333    0.8034    0.7806     0.529   0.03623    0.3102   0.02258
   211/299     9.46G   0.01634   0.04511  0.003385   0.06484        49       640    0.8177    0.8144    0.7903    0.5341   0.03615    0.3088    0.0227
   212/299     9.46G   0.01639   0.04367  0.003434   0.06349        53       640    0.8186    0.8299    0.7991    0.5345   0.03596    0.3109    0.0223
   213/299     9.46G   0.01645   0.04433   0.00374   0.06452       181       640    0.8338    0.8051    0.7924    0.5289   0.03575    0.3056   0.02256
   214/299     9.46G   0.01632   0.04715  0.003599   0.06707        27       640    0.8282    0.8001     0.785     0.519   0.03579    0.3095   0.02289
   215/299     9.46G   0.01659   0.04682  0.003862   0.06727       231       640    0.8289     0.803    0.7865    0.5214    0.0355    0.3094    0.0228
   216/299     9.46G   0.01697   0.04535  0.003458   0.06577        30       640    0.8365    0.7967    0.7895    0.5296   0.03555    0.3127   0.02264
   217/299     9.46G   0.01632   0.04331  0.003376   0.06301       279       640    0.8101    0.8179    0.7915    0.5348   0.03507    0.3133   0.02277
   218/299     9.46G   0.01589   0.04588  0.003421   0.06519        90       640    0.8265    0.8005    0.7883    0.5323    0.0355      0.31   0.02273
   219/299     9.46G   0.01615   0.04444  0.003534   0.06413       131       640    0.8304    0.8003    0.7875    0.5239   0.03608    0.3141   0.02279
   220/299     9.46G   0.01645   0.04407  0.003554   0.06407        48       640    0.8158    0.8157    0.7823    0.5263   0.03594    0.3112   0.02272
   221/299     9.46G   0.01612   0.04442  0.003647   0.06418        54       640     0.809     0.823    0.7861    0.5305    0.0359    0.3165   0.02255
   222/299     9.46G   0.01588   0.04544  0.003025   0.06435        35       640    0.8151    0.8263    0.7973    0.5384   0.03578    0.3133   0.02225
   223/299     9.46G   0.01595   0.04707  0.003614   0.06663       117       640    0.8091     0.827    0.7987    0.5388   0.03512    0.3083    0.0221
   224/299     9.46G   0.01649   0.04627  0.003895   0.06665        63       640    0.8232    0.8121     0.798    0.5341   0.03521    0.3068   0.02243
   225/299     7.55G   0.01582   0.04467  0.003164   0.06365        33       640    0.8284    0.8046    0.7915    0.5294   0.03509    0.3097   0.02269
   226/299     7.57G   0.01583   0.04463  0.003227   0.06368       141       640    0.8375    0.7966    0.7896    0.5298   0.03449    0.3206   0.02246
   227/299     7.57G   0.01579   0.04349  0.003038   0.06232        63       640     0.835    0.8075    0.7969    0.5327   0.03483    0.3198   0.02193
   228/299     7.58G   0.01617   0.04579  0.003533   0.06548       187       640    0.7982    0.8294    0.7947    0.5312   0.03537    0.3189   0.02211
   229/299     7.58G   0.01569   0.04437  0.003076   0.06314        81       640    0.8049    0.8155    0.7898    0.5298   0.03577     0.319   0.02237
   230/299     7.58G   0.01528   0.04266  0.003083   0.06102        74       640    0.8167    0.8069    0.7882    0.5265   0.03545    0.3191   0.02228
   231/299     7.58G   0.01519   0.04298  0.003196   0.06137        30       640    0.8087    0.8215    0.7877    0.5256   0.03523    0.3194   0.02229
   232/299     7.58G   0.01537   0.04486  0.003129   0.06337       160       640    0.8182     0.812    0.7903    0.5302   0.03507    0.3189   0.02227
   233/299     7.58G   0.01565   0.04329  0.003304   0.06224        90       640    0.8231    0.8153    0.7896    0.5311   0.03528    0.3206   0.02229
   234/299     7.58G   0.01552   0.04479  0.003171   0.06348        57       640    0.8294    0.8152    0.7897      0.53   0.03536     0.319   0.02212
   235/299     7.58G    0.0157   0.04524  0.003428   0.06436        80       640    0.8329    0.8151    0.7942    0.5313    0.0352     0.322   0.02193
   236/299     7.58G   0.01543   0.04133  0.002975   0.05973       154       640    0.8293    0.8095    0.7909    0.5335   0.03541    0.3245   0.02214
   237/299     7.58G   0.01596   0.04606  0.003454   0.06547       157       640    0.8293     0.811    0.7903    0.5354    0.0352    0.3235   0.02192
   238/299     7.58G   0.01545   0.04549  0.003034   0.06397       224       640    0.8269    0.8003    0.7838    0.5303   0.03503    0.3241   0.02212
   239/299     7.58G   0.01531   0.04479  0.003349   0.06345       162       640    0.8216    0.8088    0.7846    0.5323   0.03481    0.3242   0.02227
   240/299     7.98G   0.01552   0.04511  0.003519   0.06415       101       640    0.7973    0.8361    0.7959    0.5412   0.03483    0.3224   0.02231
   241/299     7.98G   0.01551    0.0461  0.003338   0.06495        20       640    0.8078    0.8226    0.7957    0.5408   0.03494    0.3297   0.02222
   242/299     7.98G   0.01479   0.04298  0.002903   0.06067        47       640    0.8157     0.812    0.7893    0.5373   0.03514    0.3309   0.02205
   243/299     7.98G   0.01511    0.0419  0.003058   0.06007        33       640    0.8074    0.8168    0.7853    0.5309    0.0354     0.331   0.02203
   244/299     7.98G     0.015   0.04063  0.002949   0.05858       172       640    0.8083    0.8052    0.7828    0.5261   0.03502    0.3276   0.02235
   245/299     7.98G     0.015   0.04504  0.002924   0.06297       143       640    0.8263    0.7945    0.7819    0.5284   0.03494    0.3327   0.02235
   246/299     7.99G   0.01529     0.043  0.002865   0.06116       149       640    0.8237    0.8056    0.7888    0.5325   0.03484    0.3275   0.02218
   247/299     7.99G   0.01532   0.04264  0.003007   0.06097        57       640    0.8189    0.8027    0.7887    0.5289   0.03491    0.3271   0.02209
   248/299     7.99G   0.01521   0.04106  0.003278   0.05955       123       640     0.817    0.8095     0.794    0.5351     0.035    0.3248    0.0221
   249/299     7.99G   0.01491   0.04201  0.002843   0.05976        93       640    0.8324    0.7955    0.8002    0.5364   0.03507    0.3295   0.02216
   250/299     7.99G   0.01497   0.04224  0.002952   0.06016       110       640    0.8433    0.8006    0.8026    0.5401   0.03511    0.3314   0.02232
   251/299     7.99G   0.01478   0.04461  0.002883   0.06227       343       640     0.826    0.8219    0.8042    0.5382   0.03481    0.3274   0.02219
   252/299     7.99G   0.01496    0.0423  0.002948   0.06021       110       640    0.8355    0.8144    0.8043    0.5423    0.0351    0.3311    0.0222
   253/299     7.99G   0.01457   0.04197   0.00273   0.05926       122       640     0.816    0.8277    0.8029    0.5411   0.03533    0.3332   0.02232
   254/299     7.99G   0.01476    0.0425  0.002918   0.06017        81       640    0.8206    0.8153    0.8024    0.5387   0.03456    0.3313   0.02227
   255/299     7.99G   0.01449     0.043  0.002649   0.06014       193       640    0.8281    0.8045    0.8012    0.5401   0.03417    0.3331   0.02217
   256/299     7.99G   0.01473   0.04169  0.002922   0.05934        32       640    0.8222    0.8111    0.7997    0.5397   0.03432    0.3336   0.02213
   257/299     7.99G   0.01474   0.03962   0.00287   0.05723        13       640    0.8167    0.8072     0.792    0.5336   0.03485    0.3361   0.02239
   258/299     7.99G    0.0147   0.04271  0.003146   0.06056        34       640    0.8035    0.8191    0.7903     0.534   0.03449    0.3393   0.02239
   259/299     7.99G   0.01478   0.04469  0.002984   0.06246        80       640    0.8128    0.8056    0.7925    0.5386   0.03395    0.3399   0.02233
   260/299     7.99G   0.01478   0.04413  0.003009   0.06192       146       640    0.8234    0.7993    0.7961    0.5395   0.03372    0.3361   0.02223
   261/299     7.99G   0.01462   0.04091  0.003075    0.0586        45       640    0.8282     0.801    0.7969    0.5385   0.03397    0.3404   0.02241
   262/299     7.99G   0.01434   0.04107  0.002671   0.05808       105       640    0.8292    0.7999     0.794    0.5384   0.03416    0.3377   0.02259
   263/299     7.99G   0.01424   0.03956  0.002615   0.05641        64       640    0.8294     0.805    0.7943    0.5405   0.03451    0.3338   0.02249
   264/299     7.99G   0.01464   0.04025  0.002799   0.05769       148       640    0.8252    0.8127     0.802    0.5465   0.03445    0.3384   0.02222
   265/299     7.99G   0.01461    0.0442   0.00304   0.06185       172       640    0.8157    0.8151    0.7995    0.5446   0.03459    0.3354   0.02213
   266/299     7.99G   0.01438    0.0413  0.002675   0.05836        43       640    0.8155    0.8222    0.7962    0.5403    0.0347    0.3365   0.02229
   267/299     7.99G   0.01448    0.0409  0.002542   0.05793        12       640    0.8261    0.8142    0.7953    0.5395   0.03466    0.3383    0.0223
   268/299     7.99G   0.01468   0.04219  0.003008   0.05988        63       640    0.8285    0.8121    0.7927    0.5377    0.0342    0.3423   0.02221
   269/299     7.99G   0.01442   0.04026  0.002752   0.05743        32       640    0.8129    0.8094    0.7933    0.5369   0.03398    0.3431   0.02229
   270/299     7.99G   0.01455   0.04225  0.002985   0.05979        67       640    0.8176    0.8072    0.7906     0.537   0.03402    0.3401   0.02223
   271/299     7.99G   0.01387   0.03939  0.002441   0.05571        74       640    0.8177    0.8105    0.7929    0.5358   0.03423    0.3389   0.02222
   272/299     7.99G    0.0141   0.03832  0.002387   0.05481        27       640    0.8048    0.8267    0.7983    0.5409   0.03444    0.3415   0.02222
   273/299     7.99G   0.01453   0.04215  0.003036   0.05972       203       640    0.8378    0.8061    0.7964    0.5377   0.03437    0.3403   0.02211
   274/299     7.99G   0.01423   0.04071  0.002821   0.05776        22       640    0.8327    0.8085    0.7964    0.5408   0.03408    0.3438   0.02229
   275/299     7.99G   0.01418   0.04038  0.002602   0.05716        89       640    0.8215    0.8116    0.7965    0.5381   0.03421    0.3455   0.02246
   276/299     7.99G   0.01392   0.04085  0.002373   0.05715        87       640    0.8442    0.7899    0.8004    0.5437   0.03428    0.3445   0.02213
   277/299     7.99G   0.01449    0.0436  0.002883   0.06097        44       640    0.8186    0.8273       0.8    0.5431   0.03419    0.3448   0.02206
   278/299     7.99G   0.01444   0.04056  0.002802    0.0578       187       640    0.8411    0.8102    0.7963    0.5375   0.03423    0.3463   0.02219
   279/299     7.99G   0.01421   0.04144  0.002885   0.05854        59       640    0.8335    0.8107    0.7986    0.5426   0.03431     0.345   0.02207
   280/299     7.99G   0.01434   0.04127  0.002863   0.05848        92       640    0.8329     0.805    0.7982    0.5411   0.03408    0.3437   0.02218
   281/299     7.99G     0.014   0.04187  0.002642   0.05851        96       640    0.8138    0.8137    0.7936    0.5387   0.03419    0.3447   0.02207
   282/299     7.99G   0.01451   0.04219  0.002873   0.05958       143       640    0.8251    0.7984    0.7896    0.5355   0.03437    0.3462   0.02231
   283/299     7.99G   0.01396   0.03948  0.002489   0.05593        66       640    0.8258    0.7997    0.7907    0.5347    0.0342    0.3467   0.02244
   284/299     7.99G   0.01424   0.04254  0.002853   0.05963        86       640    0.8234    0.8035     0.792    0.5382   0.03394    0.3476   0.02252
   285/299     7.99G   0.01423    0.0396  0.002866    0.0567       107       640    0.8283    0.8038    0.7917    0.5358    0.0342    0.3476   0.02257
   286/299     7.99G   0.01403    0.0394  0.002728   0.05617        35       640     0.834    0.8031    0.7901    0.5349    0.0343    0.3484   0.02261
   287/299     7.99G   0.01453   0.04326  0.002883   0.06067       117       640    0.8188    0.8099    0.7921    0.5367   0.03419    0.3477   0.02249
   288/299     7.99G   0.01411   0.04058  0.002792   0.05749        58       640     0.825    0.8136    0.7903    0.5353   0.03412    0.3432   0.02238
   289/299     7.99G   0.01408   0.04117  0.002775   0.05802        50       640    0.8186    0.8159    0.7929    0.5363   0.03417    0.3439   0.02239
   290/299     7.99G   0.01413   0.04133  0.002798   0.05826       112       640    0.8173    0.8107    0.7928    0.5351   0.03428    0.3465   0.02235
   291/299     7.99G   0.01401    0.0402  0.002431   0.05664       484       640    0.8215     0.807    0.7945    0.5357   0.03436     0.348   0.02219
   292/299     7.99G   0.01394   0.03906  0.002569   0.05557        76       640    0.8355    0.8015    0.7967    0.5408   0.03443     0.352    0.0222
   293/299     7.99G   0.01431   0.04245  0.002868   0.05962        86       640    0.8278    0.8111    0.7973     0.542   0.03432    0.3475   0.02213
   294/299     7.99G   0.01415   0.04127  0.002708   0.05813       125       640    0.8257    0.8135    0.8014    0.5451   0.03416    0.3479   0.02197
   295/299     7.99G   0.01396   0.04117  0.002504   0.05764        98       640    0.8235    0.8133    0.7989    0.5428   0.03441    0.3475   0.02216
   296/299     7.99G   0.01396   0.03935  0.002512   0.05583        73       640    0.8339    0.8089    0.7967      0.54   0.03426    0.3486   0.02231
   297/299     7.99G   0.01422   0.04273  0.002686   0.05964       138       640    0.8412     0.798    0.7975     0.539   0.03391    0.3498   0.02239
   298/299     7.99G   0.01424   0.04152  0.002806   0.05857       206       640    0.8279    0.7982     0.793    0.5366   0.03385    0.3487   0.02236
   299/299     7.99G   0.01429   0.04195  0.002855   0.05909       100       640    0.8017    0.8187    0.7911    0.5358   0.03409    0.3484   0.02238
