5 0.11778846153846154 0.11298076923076923 0.09014423076923077 0.1622596153846154
5 0.19951923076923078 0.11899038461538461 0.10697115384615384 0.15985576923076922
5 0.27884615384615385 0.11778846153846154 0.08653846153846154 0.15625
5 0.35336538461538464 0.1201923076923077 0.09014423076923077 0.1502403846153846
5 0.43028846153846156 0.125 0.0889423076923077 0.15144230769230768
5 0.5024038461538461 0.12740384615384615 0.0829326923076923 0.14302884615384615
5 0.5805288461538461 0.12980769230769232 0.07572115384615384 0.1502403846153846
5 0.6514423076923077 0.13341346153846154 0.07932692307692307 0.1502403846153846
5 0.7223557692307693 0.12860576923076922 0.08173076923076923 0.14543269230769232
5 0.12259615384615384 0.30649038461538464 0.06009615384615385 0.15865384615384615
5 0.20192307692307693 0.3076923076923077 0.09495192307692307 0.1502403846153846
5 0.28125 0.3088942307692308 0.0829326923076923 0.14302884615384615
5 0.3701923076923077 0.3088942307692308 0.08533653846153846 0.14302884615384615
5 0.4423076923076923 0.3088942307692308 0.07932692307692307 0.13822115384615385
5 0.5264423076923077 0.31009615384615385 0.09134615384615384 0.13701923076923078
5 0.6009615384615384 0.30649038461538464 0.07572115384615384 0.13701923076923078
5 0.6766826923076923 0.3088942307692308 0.08173076923076923 0.13581730769230768
5 0.1346153846153846 0.5120192307692307 0.0673076923076923 0.14423076923076922
5 0.1971153846153846 0.5108173076923077 0.0889423076923077 0.13822115384615385
5 0.2776442307692308 0.5072115384615384 0.08173076923076923 0.14543269230769232
5 0.34615384615384615 0.5072115384615384 0.07932692307692307 0.13701923076923078
5 0.4110576923076923 0.5048076923076923 0.0829326923076923 0.13701923076923078
5 0.4807692307692308 0.5072115384615384 0.07091346153846154 0.1346153846153846
5 0.5432692307692307 0.5048076923076923 0.07451923076923077 0.13581730769230768
5 0.6069711538461539 0.5024038461538461 0.07091346153846154 0.13581730769230768
5 0.6730769230769231 0.5024038461538461 0.078125 0.13221153846153846
27 0.14182692307692307 0.6802884615384616 0.057692307692307696 0.13701923076923078
27 0.1971153846153846 0.6706730769230769 0.07932692307692307 0.13581730769230768
27 0.27163461538461536 0.6682692307692307 0.07932692307692307 0.13822115384615385
27 0.33533653846153844 0.6658653846153846 0.07091346153846154 0.12620192307692307
25 0.4026442307692308 0.6622596153846154 0.07451923076923077 0.12740384615384615
25 0.46875 0.65625 0.07451923076923077 0.1201923076923077
25 0.5276442307692307 0.6598557692307693 0.07091346153846154 0.12620192307692307
25 0.5889423076923077 0.6538461538461539 0.07091346153846154 0.1201923076923077
25 0.6454326923076923 0.6514423076923077 0.0673076923076923 0.12139423076923077
27 0.703125 0.6442307692307693 0.07451923076923077 0.11298076923076923