14 0.171875 0.17067307692307693 0.14302884615384615 0.28125
14 0.2932692307692308 0.17067307692307693 0.12620192307692307 0.2764423076923077
6 0.203125 0.48197115384615385 0.12620192307692307 0.22355769230769232
6 0.3016826923076923 0.4831730769230769 0.11298076923076923 0.21394230769230768
20 0.3942307692307692 0.4795673076923077 0.0985576923076923 0.2127403846153846
20 0.47836538461538464 0.4879807692307692 0.09735576923076923 0.2127403846153846
20 0.5625 0.47716346153846156 0.09014423076923077 0.2127403846153846
14 0.6430288461538461 0.484375 0.09254807692307693 0.20432692307692307
3 0.7367788461538461 0.4891826923076923 0.08533653846153846 0.203125
9 0.8329326923076923 0.48677884615384615 0.09615384615384616 0.21153846153846154
30 0.22235576923076922 0.7139423076923077 0.10096153846153846 0.16105769230769232
25 0.30649038461538464 0.7103365384615384 0.10096153846153846 0.17067307692307693
15 0.3870192307692308 0.7103365384615384 0.08533653846153846 0.16466346153846154
30 0.46153846153846156 0.7055288461538461 0.0733173076923077 0.16947115384615385
3 0.5336538461538461 0.703125 0.08173076923076923 0.16105769230769232
3 0.6129807692307693 0.7043269230769231 0.09014423076923077 0.15745192307692307
6 0.6850961538461539 0.7019230769230769 0.06610576923076923 0.15384615384615385
6 0.7632211538461539 0.7055288461538461 0.07692307692307693 0.15985576923076922
15 0.2548076923076923 0.8737980769230769 0.0733173076923077 0.11298076923076923
15 0.3269230769230769 0.8725961538461539 0.07692307692307693 0.11057692307692307
15 0.3954326923076923 0.8786057692307693 0.07451923076923077 0.11778846153846154
15 0.4639423076923077 0.8725961538461539 0.06850961538461539 0.1141826923076923
33 0.5216346153846154 0.8725961538461539 0.06490384615384616 0.1141826923076923
33 0.5913461538461539 0.8737980769230769 0.0733173076923077 0.11298076923076923
6 0.6574519230769231 0.8737980769230769 0.08052884615384616 0.11778846153846154
6 0.7247596153846154 0.875 0.06850961538461539 0.11658653846153846
2 0.3954326923076923 0.22235576923076922 0.11658653846153846 0.19831730769230768
2 0.4951923076923077 0.22235576923076922 0.11899038461538461 0.18509615384615385
2 0.5925480769230769 0.21995192307692307 0.12139423076923077 0.18990384615384615
29 0.6947115384615384 0.22596153846153846 0.11298076923076923 0.1875
29 0.7944711538461539 0.22716346153846154 0.125 0.18990384615384615
29 0.8882211538461539 0.2283653846153846 0.11778846153846154 0.17668269230769232