14 0.18028846153846154 0.4206730769230769 0.07211538461538461 0.1466346153846154
14 0.23197115384615385 0.4170673076923077 0.06370192307692307 0.14783653846153846
14 0.28365384615384615 0.41586538461538464 0.06370192307692307 0.14543269230769232
14 0.3329326923076923 0.41586538461538464 0.06009615384615385 0.14783653846153846
32 0.38822115384615385 0.4182692307692308 0.06129807692307692 0.13822115384615385
32 0.43509615384615385 0.41346153846153844 0.06370192307692307 0.13822115384615385
30 0.4831730769230769 0.4170673076923077 0.055288461538461536 0.13581730769230768
30 0.5252403846153846 0.41346153846153844 0.055288461538461536 0.13701923076923078
20 0.5757211538461539 0.4110576923076923 0.055288461538461536 0.14543269230769232
20 0.6213942307692307 0.41466346153846156 0.04567307692307692 0.13581730769230768
3 0.6670673076923077 0.41346153846153844 0.046875 0.1346153846153846
33 0.7211538461538461 0.41947115384615385 0.056490384615384616 0.11778846153846154
33 0.7728365384615384 0.421875 0.06129807692307692 0.12620192307692307
33 0.8221153846153846 0.4206730769230769 0.046875 0.12139423076923077
33 0.8665865384615384 0.4170673076923077 0.04927884615384615 0.12139423076923077
30 0.17548076923076922 0.6057692307692307 0.051682692307692304 0.13341346153846154
30 0.21995192307692307 0.609375 0.05889423076923077 0.12860576923076922
30 0.2668269230769231 0.6045673076923077 0.05889423076923077 0.12860576923076922
30 0.31490384615384615 0.6033653846153846 0.055288461538461536 0.13701923076923078
32 0.3581730769230769 0.6033653846153846 0.05048076923076923 0.13581730769230768
32 0.40024038461538464 0.5997596153846154 0.05889423076923077 0.12740384615384615
32 0.44591346153846156 0.6021634615384616 0.06009615384615385 0.12860576923076922
32 0.48677884615384615 0.5949519230769231 0.05048076923076923 0.125
14 0.5384615384615384 0.5961538461538461 0.055288461538461536 0.12980769230769232
14 0.5817307692307693 0.5961538461538461 0.04927884615384615 0.12980769230769232
14 0.6334134615384616 0.5961538461538461 0.056490384615384616 0.12860576923076922
14 0.6730769230769231 0.5949519230769231 0.04567307692307692 0.13221153846153846
14 0.7175480769230769 0.5889423076923077 0.05048076923076923 0.12860576923076922
3 0.1971153846153846 0.8389423076923077 0.07932692307692307 0.1875
3 0.27524038461538464 0.8365384615384616 0.08774038461538461 0.18870192307692307
3 0.359375 0.8269230769230769 0.08774038461538461 0.19230769230769232
3 0.43028846153846156 0.8245192307692307 0.07932692307692307 0.18389423076923078
3 0.5012019230769231 0.8257211538461539 0.08413461538461539 0.18509615384615385
9 0.5745192307692307 0.8221153846153846 0.06490384615384616 0.1814903846153846
9 0.6454326923076923 0.8233173076923077 0.08413461538461539 0.18269230769230768
12 0.7307692307692307 0.8221153846153846 0.07932692307692307 0.18870192307692307
12 0.8100961538461539 0.8161057692307693 0.07932692307692307 0.1778846153846154
2 0.7319711538461539 0.17307692307692307 0.06009615384615385 0.09615384615384616
34 0.7788461538461539 0.17548076923076922 0.05889423076923077 0.10216346153846154
2 0.16466346153846154 0.26802884615384615 0.07692307692307693 0.10576923076923077
2 0.21514423076923078 0.265625 0.06129807692307692 0.11177884615384616
2 0.2692307692307692 0.26802884615384615 0.06971153846153846 0.10697115384615384
2 0.3161057692307692 0.2668269230769231 0.06370192307692307 0.10336538461538461
2 0.3605769230769231 0.2704326923076923 0.056490384615384616 0.10576923076923077
2 0.41346153846153844 0.2668269230769231 0.06490384615384616 0.10576923076923077
2 0.46153846153846156 0.265625 0.06490384615384616 0.1141826923076923
2 0.5120192307692307 0.2644230769230769 0.06490384615384616 0.11177884615384616
2 0.5637019230769231 0.2668269230769231 0.06490384615384616 0.1045673076923077
2 0.6153846153846154 0.2668269230769231 0.06971153846153846 0.10576923076923077
2 0.6646634615384616 0.2668269230769231 0.06370192307692307 0.09975961538461539
2 0.7151442307692307 0.2668269230769231 0.06129807692307692 0.10336538461538461
34 0.7752403846153846 0.2668269230769231 0.06850961538461539 0.10336538461538461
34 0.8233173076923077 0.2608173076923077 0.06490384615384616 0.09975961538461539
34 0.8713942307692307 0.2668269230769231 0.055288461538461536 0.1045673076923077
4 0.015625 0.5769230769230769 0.03125 0.09014423076923077
4 0.04326923076923077 0.5805288461538461 0.056490384615384616 0.08653846153846154
4 0.08653846153846154 0.578125 0.06370192307692307 0.08653846153846154
34 0.78125 0.6081730769230769 0.0733173076923077 0.10336538461538461
34 0.828125 0.6105769230769231 0.06009615384615385 0.09615384615384616