3 0.06610576923076923 0.4362980769230769 0.10576923076923077 0.16826923076923078
3 0.14543269230769232 0.4387019230769231 0.0985576923076923 0.17067307692307693
33 0.21754807692307693 0.44471153846153844 0.09254807692307693 0.1502403846153846
33 0.28966346153846156 0.44471153846153844 0.09014423076923077 0.14783653846153846
32 0.3629807692307692 0.4326923076923077 0.08413461538461539 0.15865384615384615
32 0.4266826923076923 0.43149038461538464 0.0733173076923077 0.15625
32 0.4987980769230769 0.43149038461538464 0.07451923076923077 0.16947115384615385
32 0.5721153846153846 0.42908653846153844 0.07932692307692307 0.15985576923076922
32 0.6454326923076923 0.42427884615384615 0.07932692307692307 0.15745192307692307
32 0.71875 0.4266826923076923 0.09254807692307693 0.16105769230769232
3 0.09975961538461539 0.6189903846153846 0.08052884615384616 0.13221153846153846
3 0.1658653846153846 0.6177884615384616 0.07451923076923077 0.12860576923076922
3 0.2283653846153846 0.6153846153846154 0.0733173076923077 0.125
6 0.2932692307692308 0.6153846153846154 0.07932692307692307 0.125
6 0.35336538461538464 0.6141826923076923 0.07692307692307693 0.125
6 0.4230769230769231 0.6129807692307693 0.06971153846153846 0.125
6 0.49038461538461536 0.6105769230769231 0.07692307692307693 0.125
6 0.5552884615384616 0.609375 0.07091346153846154 0.125
4 0.6165865384615384 0.6057692307692307 0.0673076923076923 0.12860576923076922
4 0.6802884615384616 0.6009615384615384 0.08052884615384616 0.12259615384615384
9 0.15264423076923078 0.8557692307692307 0.11298076923076923 0.14783653846153846
9 0.23798076923076922 0.8497596153846154 0.10216346153846154 0.1502403846153846
12 0.328125 0.8497596153846154 0.0985576923076923 0.1346153846153846
12 0.41586538461538464 0.8485576923076923 0.10216346153846154 0.140625
20 0.5072115384615384 0.8413461538461539 0.10216346153846154 0.140625
20 0.6033653846153846 0.8473557692307693 0.0985576923076923 0.13822115384615385
29 0.042067307692307696 0.09134615384615384 0.08413461538461539 0.18028846153846154
29 0.10697115384615384 0.09134615384615384 0.11778846153846154 0.17668269230769232
29 0.19471153846153846 0.09375 0.1346153846153846 0.18509615384615385
29 0.28725961538461536 0.09134615384615384 0.12860576923076922 0.1814903846153846
29 0.37740384615384615 0.09134615384615384 0.11538461538461539 0.1778846153846154
29 0.4567307692307692 0.09254807692307693 0.11298076923076923 0.16947115384615385
29 0.5420673076923077 0.09615384615384616 0.11538461538461539 0.17668269230769232
29 0.6201923076923077 0.10336538461538461 0.10216346153846154 0.16706730769230768
29 0.7007211538461539 0.10697115384615384 0.12139423076923077 0.16947115384615385
29 0.7860576923076923 0.11177884615384616 0.125 0.1622596153846154
19 0.04567307692307692 0.24639423076923078 0.08653846153846154 0.15985576923076922
19 0.10697115384615384 0.24158653846153846 0.12860576923076922 0.16346153846153846
19 0.20673076923076922 0.24278846153846154 0.125 0.15384615384615385
19 0.2956730769230769 0.2439903846153846 0.11778846153846154 0.14783653846153846
2 0.3629807692307692 0.23918269230769232 0.10336538461538461 0.1466346153846154
2 0.43990384615384615 0.23677884615384615 0.11298076923076923 0.14423076923076922
2 0.5132211538461539 0.23677884615384615 0.09975961538461539 0.14783653846153846
8 0.59375 0.24879807692307693 0.09975961538461539 0.13942307692307693
8 0.6622596153846154 0.24879807692307693 0.11778846153846154 0.13221153846153846
11 0.7355769230769231 0.24519230769230768 0.10576923076923077 0.13221153846153846
11 0.8076923076923077 0.24759615384615385 0.11177884615384616 0.1346153846153846