9 0.12379807692307693 0.29927884615384615 0.08413461538461539 0.19951923076923078
4 0.2091346153846154 0.30408653846153844 0.09975961538461539 0.19831730769230768
28 0.296875 0.3076923076923077 0.1045673076923077 0.18629807692307693
6 0.38822115384615385 0.3076923076923077 0.10817307692307693 0.18389423076923078
6 0.47716346153846156 0.3112980769230769 0.10096153846153846 0.17548076923076922
32 0.5564903846153846 0.3088942307692308 0.09134615384615384 0.1875
15 0.6394230769230769 0.32211538461538464 0.09134615384615384 0.16466346153846154
15 0.7151442307692307 0.32091346153846156 0.09495192307692307 0.15865384615384615
15 0.7980769230769231 0.31971153846153844 0.0889423076923077 0.15264423076923078
3 0.1045673076923077 0.6189903846153846 0.09615384615384616 0.234375
3 0.19110576923076922 0.6262019230769231 0.09615384615384616 0.2283653846153846
3 0.2800480769230769 0.6165865384615384 0.09615384615384616 0.2247596153846154
9 0.36177884615384615 0.6153846153846154 0.08774038461538461 0.22235576923076922
9 0.4375 0.6165865384615384 0.08533653846153846 0.21995192307692307
9 0.5120192307692307 0.6117788461538461 0.08774038461538461 0.21995192307692307
6 0.6009615384615384 0.6153846153846154 0.10336538461538461 0.2127403846153846
33 0.6814903846153846 0.6189903846153846 0.08533653846153846 0.19230769230769232
33 0.7512019230769231 0.6165865384615384 0.0889423076923077 0.18870192307692307
33 0.8269230769230769 0.6177884615384616 0.09134615384615384 0.19110576923076922
6 0.15985576923076922 0.8834134615384616 0.10336538461538461 0.2283653846153846
6 0.24519230769230768 0.8846153846153846 0.10336538461538461 0.22716346153846154
6 0.33774038461538464 0.8822115384615384 0.11177884615384616 0.23317307692307693
33 0.4375 0.8858173076923077 0.11057692307692307 0.21033653846153846
33 0.5216346153846154 0.8786057692307693 0.10336538461538461 0.20432692307692307
33 0.6009615384615384 0.8774038461538461 0.09254807692307693 0.21033653846153846
30 0.6766826923076923 0.8581730769230769 0.08774038461538461 0.234375
30 0.7463942307692307 0.8521634615384616 0.08052884615384616 0.22115384615384615
30 0.8185096153846154 0.8461538461538461 0.09134615384615384 0.21995192307692307
34 0.0889423076923077 0.06370192307692307 0.08774038461538461 0.11057692307692307
34 0.16826923076923078 0.0625 0.0889423076923077 0.11177884615384616
34 0.24519230769230768 0.06370192307692307 0.09134615384615384 0.1141826923076923
34 0.32572115384615385 0.0673076923076923 0.09254807692307693 0.10817307692307693
34 0.40024038461538464 0.06850961538461539 0.09134615384615384 0.1201923076923077
34 0.47475961538461536 0.06971153846153846 0.09254807692307693 0.11298076923076923
11 0.5516826923076923 0.07572115384615384 0.08533653846153846 0.10336538461538461
11 0.6165865384615384 0.08052884615384616 0.08413461538461539 0.10576923076923077
11 0.6850961538461539 0.07932692307692307 0.07692307692307693 0.10336538461538461
4 0.7548076923076923 0.08052884615384616 0.08774038461538461 0.11057692307692307
4 0.828125 0.09134615384615384 0.10096153846153846 0.15985576923076922