10 0.09375 0.20192307692307693 0.11658653846153846 0.13341346153846154
31 0.20673076923076922 0.20192307692307693 0.11177884615384616 0.13581730769230768
13 0.32091346153846156 0.20552884615384615 0.11177884615384616 0.13221153846153846
19 0.4375 0.20552884615384615 0.11057692307692307 0.13221153846153846
2 0.5685096153846154 0.20432692307692307 0.11658653846153846 0.13581730769230768
11 0.6887019230769231 0.203125 0.11538461538461539 0.13341346153846154
29 0.8064903846153846 0.20673076923076922 0.11057692307692307 0.1310096153846154
8 0.9230769230769231 0.20552884615384615 0.1141826923076923 0.13221153846153846
25 0.12379807692307693 0.4423076923076923 0.12379807692307693 0.18509615384615385
33 0.2439903846153846 0.44350961538461536 0.10697115384615384 0.18870192307692307
32 0.35336538461538464 0.4423076923076923 0.10096153846153846 0.19951923076923078
17 0.4567307692307692 0.44591346153846156 0.10697115384615384 0.18990384615384615
15 0.5637019230769231 0.44350961538461536 0.09975961538461539 0.1875
33 0.6742788461538461 0.44711538461538464 0.11177884615384616 0.18870192307692307
30 0.7872596153846154 0.44350961538461536 0.09975961538461539 0.18870192307692307
30 0.8858173076923077 0.44711538461538464 0.09375 0.19951923076923078
32 0.1778846153846154 0.6754807692307693 0.09254807692307693 0.18028846153846154
3 0.27884615384615385 0.6730769230769231 0.10216346153846154 0.17548076923076922
17 0.3858173076923077 0.6790865384615384 0.10697115384615384 0.18269230769230768
25 0.5 0.6766826923076923 0.109375 0.1814903846153846
27 0.640625 0.6754807692307693 0.1045673076923077 0.18629807692307693
20 0.7475961538461539 0.6778846153846154 0.09735576923076923 0.16466346153846154
20 0.8533653846153846 0.6875 0.11177884615384616 0.17548076923076922
5 0.15745192307692307 0.8822115384615384 0.09975961538461539 0.15985576923076922
5 0.25841346153846156 0.8846153846153846 0.1045673076923077 0.16346153846153846
5 0.3605769230769231 0.8834134615384616 0.09975961538461539 0.16105769230769232
5 0.45913461538461536 0.8858173076923077 0.10216346153846154 0.16346153846153846
5 0.5649038461538461 0.8846153846153846 0.10216346153846154 0.1622596153846154
5 0.6730769230769231 0.8822115384615384 0.1141826923076923 0.15745192307692307