11 0.21033653846153846 0.19591346153846154 0.05048076923076923 0.0829326923076923
13 0.2644230769230769 0.19831730769230768 0.06009615384615385 0.0829326923076923
19 0.33052884615384615 0.19951923076923078 0.06370192307692307 0.09254807692307693
2 0.39302884615384615 0.203125 0.06971153846153846 0.08413461538461539
29 0.45552884615384615 0.20192307692307693 0.06129807692307692 0.09014423076923077
29 0.515625 0.20552884615384615 0.06850961538461539 0.08533653846153846
8 0.5817307692307693 0.20793269230769232 0.05889423076923077 0.08413461538461539
8 0.6430288461538461 0.2091346153846154 0.056490384615384616 0.08173076923076923
13 0.7043269230769231 0.21394230769230768 0.06129807692307692 0.0889423076923077
3 0.21033653846153846 0.33052884615384615 0.05889423076923077 0.12139423076923077
17 0.27403846153846156 0.3329326923076923 0.06971153846153846 0.12139423076923077
30 0.3329326923076923 0.3329326923076923 0.06009615384615385 0.12259615384615384
14 0.39903846153846156 0.33533653846153844 0.06610576923076923 0.12379807692307693
20 0.4639423076923077 0.3389423076923077 0.06971153846153846 0.1201923076923077
14 0.5336538461538461 0.3389423076923077 0.06490384615384616 0.11538461538461539
20 0.6021634615384616 0.3389423076923077 0.06971153846153846 0.11658653846153846
15 0.6730769230769231 0.3401442307692308 0.078125 0.1201923076923077
25 0.2091346153846154 0.49038461538461536 0.056490384615384616 0.11538461538461539
27 0.27524038461538464 0.48197115384615385 0.06850961538461539 0.125
33 0.33774038461538464 0.4963942307692308 0.06009615384615385 0.10576923076923077
33 0.3954326923076923 0.49759615384615385 0.06009615384615385 0.10576923076923077
6 0.46033653846153844 0.49158653846153844 0.06129807692307692 0.11899038461538461
6 0.5288461538461539 0.4951923076923077 0.06610576923076923 0.12259615384615384
32 0.6009615384615384 0.49399038461538464 0.06610576923076923 0.12379807692307693
5 0.20432692307692307 0.6358173076923077 0.051682692307692304 0.1201923076923077
5 0.2692307692307692 0.6334134615384616 0.06370192307692307 0.11899038461538461
5 0.3329326923076923 0.6334134615384616 0.06610576923076923 0.125
5 0.40024038461538464 0.6358173076923077 0.06370192307692307 0.1201923076923077
5 0.4651442307692308 0.6370192307692307 0.06490384615384616 0.12139423076923077
5 0.53125 0.6370192307692307 0.07692307692307693 0.11778846153846154
5 0.5997596153846154 0.6370192307692307 0.07451923076923077 0.12259615384615384
5 0.6634615384615384 0.640625 0.06850961538461539 0.12139423076923077