13 0.24278846153846154 0.22716346153846154 0.0889423076923077 0.12740384615384615
13 0.36538461538461536 0.23317307692307693 0.07451923076923077 0.125
10 0.5072115384615384 0.24278846153846154 0.051682692307692304 0.12139423076923077
10 0.5745192307692307 0.24278846153846154 0.06971153846153846 0.12139423076923077
10 0.6514423076923077 0.24639423076923078 0.0733173076923077 0.1201923076923077
19 0.7247596153846154 0.25240384615384615 0.06009615384615385 0.11899038461538461
19 0.7920673076923077 0.25600961538461536 0.05889423076923077 0.1201923076923077
36 0.25240384615384615 0.47596153846153844 0.0733173076923077 0.1310096153846154
35 0.33052884615384615 0.47836538461538464 0.06971153846153846 0.12740384615384615
33 0.40384615384615385 0.4675480769230769 0.06490384615384616 0.14903846153846154
14 0.47475961538461536 0.4579326923076923 0.07211538461538461 0.1658653846153846
20 0.546875 0.45913461538461536 0.06370192307692307 0.1658653846153846
16 0.6177884615384616 0.46274038461538464 0.06850961538461539 0.16105769230769232
30 0.6875 0.45913461538461536 0.06370192307692307 0.16826923076923078
30 0.7487980769230769 0.46153846153846156 0.06009615384615385 0.1658653846153846
30 0.328125 0.6730769230769231 0.06490384615384616 0.15625
30 0.39783653846153844 0.6706730769230769 0.06370192307692307 0.15865384615384615
30 0.27403846153846156 0.8617788461538461 0.06610576923076923 0.1466346153846154
14 0.25721153846153844 0.6754807692307693 0.06610576923076923 0.16105769230769232
14 0.47596153846153844 0.8545673076923077 0.06850961538461539 0.14302884615384615
14 0.5408653846153846 0.8521634615384616 0.06129807692307692 0.14302884615384615
20 0.3401442307692308 0.8581730769230769 0.06490384615384616 0.1466346153846154
27 0.4050480769230769 0.8557692307692307 0.06490384615384616 0.14182692307692307
36 0.6105769230769231 0.8677884615384616 0.054086538461538464 0.1045673076923077
36 0.6742788461538461 0.8629807692307693 0.05889423076923077 0.11057692307692307
36 0.4579326923076923 0.6875 0.05048076923076923 0.125
2 0.5180288461538461 0.6682692307692307 0.06009615384615385 0.1622596153846154
2 0.5853365384615384 0.6706730769230769 0.06490384615384616 0.15144230769230768
5 0.6550480769230769 0.6634615384615384 0.06971153846153846 0.1622596153846154
18 0.7223557692307693 0.6682692307692307 0.06129807692307692 0.15504807692307693