2 0.13221153846153846 0.24759615384615385 0.09134615384615384 0.12860576923076922
2 0.22115384615384615 0.2403846153846154 0.08774038461538461 0.12379807692307693
2 0.30528846153846156 0.24278846153846154 0.08413461538461539 0.12980769230769232
8 0.390625 0.24278846153846154 0.08413461538461539 0.12259615384615384
11 0.47836538461538464 0.23798076923076922 0.08173076923076923 0.12379807692307693
11 0.5588942307692307 0.23798076923076922 0.0889423076923077 0.12259615384615384
11 0.6490384615384616 0.23557692307692307 0.08173076923076923 0.125
29 0.7295673076923077 0.23317307692307693 0.07692307692307693 0.12740384615384615
29 0.8149038461538461 0.22956730769230768 0.08774038461538461 0.12259615384615384
29 0.9038461538461539 0.22956730769230768 0.09134615384615384 0.12740384615384615
29 0.15144230769230768 0.4495192307692308 0.08413461538461539 0.10697115384615384
29 0.234375 0.44711538461538464 0.078125 0.11057692307692307
13 0.3088942307692308 0.4495192307692308 0.08173076923076923 0.10576923076923077
11 0.46153846153846156 0.4375 0.0829326923076923 0.1045673076923077
11 0.5336538461538461 0.4375 0.06610576923076923 0.11538461538461539
11 0.6045673076923077 0.4387019230769231 0.07451923076923077 0.1141826923076923
31 0.6814903846153846 0.43509615384615385 0.07211538461538461 0.11298076923076923
31 0.7548076923076923 0.43149038461538464 0.06971153846153846 0.11298076923076923
13 0.8329326923076923 0.4338942307692308 0.08173076923076923 0.10697115384615384
13 0.9122596153846154 0.4326923076923077 0.08173076923076923 0.11177884615384616
17 0.20673076923076922 0.6237980769230769 0.07692307692307693 0.13341346153846154
15 0.2824519230769231 0.625 0.078125 0.12980769230769232
15 0.3581730769230769 0.6237980769230769 0.0733173076923077 0.13581730769230768
27 0.4326923076923077 0.6081730769230769 0.078125 0.14783653846153846
27 0.5132211538461539 0.6105769230769231 0.078125 0.15985576923076922
27 0.5949519230769231 0.6081730769230769 0.08173076923076923 0.15985576923076922
27 0.6742788461538461 0.6021634615384616 0.07451923076923077 0.15504807692307693
27 0.7560096153846154 0.6069711538461539 0.08774038461538461 0.1622596153846154
27 0.8449519230769231 0.6021634615384616 0.09134615384615384 0.15625
2 0.5637019230769231 0.8137019230769231 0.07211538461538461 0.10096153846153846
31 0.6346153846153846 0.8185096153846154 0.06370192307692307 0.09615384615384616
5 0.7043269230769231 0.8016826923076923 0.078125 0.13701923076923078
5 0.7800480769230769 0.8028846153846154 0.0829326923076923 0.1502403846153846
5 0.8701923076923077 0.8088942307692307 0.08413461538461539 0.14302884615384615