5 0.35216346153846156 0.38341346153846156 0.056490384615384616 0.15985576923076922
5 0.4110576923076923 0.38341346153846156 0.06009615384615385 0.15745192307692307
5 0.4723557692307692 0.38341346153846156 0.054086538461538464 0.16346153846153846
5 0.5336538461538461 0.3858173076923077 0.06129807692307692 0.16346153846153846
5 0.5949519230769231 0.3858173076923077 0.05889423076923077 0.16346153846153846
5 0.6574519230769231 0.38221153846153844 0.05889423076923077 0.1622596153846154
27 0.35697115384615385 0.5697115384615384 0.05048076923076923 0.1622596153846154
27 0.41346153846153844 0.5612980769230769 0.06009615384615385 0.14543269230769232
27 0.47596153846153844 0.5637019230769231 0.05889423076923077 0.14543269230769232
27 0.5384615384615384 0.5637019230769231 0.055288461538461536 0.15504807692307693
27 0.59375 0.5661057692307693 0.054086538461538464 0.15625
27 0.6574519230769231 0.5625 0.05889423076923077 0.15745192307692307
25 0.36538461538461536 0.7223557692307693 0.055288461538461536 0.11538461538461539
25 0.41947115384615385 0.7139423076923077 0.055288461538461536 0.11658653846153846
25 0.4795673076923077 0.7151442307692307 0.055288461538461536 0.12379807692307693
25 0.5324519230769231 0.7139423076923077 0.046875 0.12620192307692307
25 0.5841346153846154 0.7079326923076923 0.056490384615384616 0.12139423076923077
25 0.6394230769230769 0.7103365384615384 0.051682692307692304 0.1201923076923077