15 0.07572115384615384 0.2247596153846154 0.07692307692307693 0.12620192307692307
15 0.14903846153846154 0.23076923076923078 0.06610576923076923 0.12379807692307693
15 0.22235576923076922 0.23197115384615385 0.06610576923076923 0.12379807692307693
25 0.2932692307692308 0.234375 0.06850961538461539 0.12139423076923077
33 0.3641826923076923 0.23798076923076922 0.06129807692307692 0.12379807692307693
19 0.42427884615384615 0.2608173076923077 0.051682692307692304 0.08173076923076923
19 0.4891826923076923 0.2668269230769231 0.06370192307692307 0.0829326923076923
19 0.5552884615384616 0.2644230769230769 0.056490384615384616 0.07451923076923077
30 0.6129807692307693 0.24519230769230768 0.055288461538461536 0.12379807692307693
30 0.6766826923076923 0.2548076923076923 0.051682692307692304 0.12980769230769232
25 0.07091346153846154 0.40024038461538464 0.06610576923076923 0.11778846153846154
25 0.13942307692307693 0.40024038461538464 0.06610576923076923 0.11658653846153846
25 0.20793269230769232 0.4026442307692308 0.05889423076923077 0.11658653846153846
25 0.27283653846153844 0.40384615384615385 0.05889423076923077 0.11538461538461539
25 0.33533653846153844 0.40384615384615385 0.06129807692307692 0.11057692307692307
27 0.390625 0.39903846153846156 0.04927884615384615 0.11778846153846154
25 0.45072115384615385 0.4014423076923077 0.055288461538461536 0.09975961538461539
27 0.5180288461538461 0.40024038461538464 0.056490384615384616 0.11658653846153846
27 0.5913461538461539 0.4050480769230769 0.06129807692307692 0.12139423076923077
5 0.07091346153846154 0.5564903846153846 0.0733173076923077 0.1201923076923077
5 0.140625 0.5528846153846154 0.06370192307692307 0.12139423076923077
5 0.20673076923076922 0.5540865384615384 0.06490384615384616 0.11899038461538461
5 0.2692307692307692 0.5516826923076923 0.06009615384615385 0.11778846153846154
5 0.33413461538461536 0.5528846153846154 0.06370192307692307 0.11538461538461539
5 0.3954326923076923 0.5516826923076923 0.055288461538461536 0.1141826923076923
5 0.4567307692307692 0.5516826923076923 0.055288461538461536 0.1141826923076923
5 0.5168269230769231 0.5504807692307693 0.051682692307692304 0.11177884615384616
5 0.5745192307692307 0.5444711538461539 0.056490384615384616 0.10216346153846154
25 0.0733173076923077 0.7007211538461539 0.06129807692307692 0.1201923076923077
25 0.13822115384615385 0.6959134615384616 0.055288461538461536 0.1201923076923077
25 0.203125 0.6947115384615384 0.055288461538461536 0.11658653846153846
25 0.265625 0.6923076923076923 0.051682692307692304 0.1201923076923077
25 0.32211538461538464 0.6935096153846154 0.055288461538461536 0.1201923076923077
25 0.3858173076923077 0.6911057692307693 0.05889423076923077 0.11298076923076923
25 0.44350961538461536 0.6887019230769231 0.05048076923076923 0.11658653846153846
25 0.49759615384615385 0.6862980769230769 0.055288461538461536 0.11658653846153846
25 0.5540865384615384 0.6838942307692307 0.054086538461538464 0.11298076923076923
27 0.0673076923076923 0.8365384615384616 0.06370192307692307 0.11658653846153846
27 0.12980769230769232 0.8329326923076923 0.06370192307692307 0.11538461538461539
27 0.19471153846153846 0.8293269230769231 0.06370192307692307 0.1141826923076923
27 0.2548076923076923 0.8257211538461539 0.05889423076923077 0.1141826923076923
27 0.3173076923076923 0.8221153846153846 0.05889423076923077 0.10336538461538461
27 0.37740384615384615 0.8209134615384616 0.05889423076923077 0.10817307692307693
27 0.43509615384615385 0.8197115384615384 0.054086538461538464 0.10576923076923077
27 0.49038461538461536 0.8161057692307693 0.054086538461538464 0.1045673076923077
27 0.5516826923076923 0.8100961538461539 0.05889423076923077 0.10216346153846154