11 0.40384615384615385 0.28846153846153844 0.07451923076923077 0.1201923076923077
11 0.47115384615384615 0.2860576923076923 0.06490384615384616 0.1141826923076923
2 0.5408653846153846 0.28966346153846156 0.06850961538461539 0.11298076923076923
8 0.6057692307692307 0.28966346153846156 0.06610576923076923 0.11057692307692307
8 0.7247596153846154 0.3004807692307692 0.06850961538461539 0.11177884615384616
29 0.7908653846153846 0.2980769230769231 0.06370192307692307 0.09735576923076923
29 0.3173076923076923 0.5168269230769231 0.08173076923076923 0.11298076923076923
29 0.45913461538461536 0.5180288461538461 0.06370192307692307 0.09975961538461539
11 0.39302884615384615 0.5168269230769231 0.06971153846153846 0.11778846153846154
11 0.5228365384615384 0.515625 0.06610576923076923 0.0985576923076923
15 0.5829326923076923 0.5060096153846154 0.06610576923076923 0.1466346153846154
15 0.6478365384615384 0.49759615384615385 0.06610576923076923 0.13701923076923078
15 0.7115384615384616 0.4963942307692308 0.06370192307692307 0.14182692307692307
15 0.7692307692307693 0.49399038461538464 0.06129807692307692 0.13581730769230768
15 0.43149038461538464 0.703125 0.06129807692307692 0.13822115384615385
15 0.49399038461538464 0.703125 0.06971153846153846 0.1466346153846154
15 0.5552884615384616 0.7007211538461539 0.06009615384615385 0.1466346153846154
15 0.6117788461538461 0.7007211538461539 0.06009615384615385 0.14783653846153846
15 0.6694711538461539 0.6971153846153846 0.05889423076923077 0.13942307692307693
15 0.734375 0.6911057692307693 0.06490384615384616 0.1346153846153846
15 0.31009615384615385 0.9050480769230769 0.06610576923076923 0.12620192307692307
15 0.3713942307692308 0.9002403846153846 0.06009615384615385 0.1201923076923077
15 0.42788461538461536 0.8942307692307693 0.06129807692307692 0.12379807692307693
15 0.49038461538461536 0.8918269230769231 0.0733173076923077 0.12259615384615384
15 0.5540865384615384 0.8930288461538461 0.06129807692307692 0.12860576923076922
5 0.6153846153846154 0.8665865384615384 0.06370192307692307 0.13341346153846154
5 0.671875 0.8569711538461539 0.05048076923076923 0.13701923076923078
5 0.734375 0.8617788461538461 0.07451923076923077 0.13822115384615385