10 0.21153846153846154 0.15144230769230768 0.06129807692307692 0.17548076923076922
10 0.2860576923076923 0.15144230769230768 0.08173076923076923 0.15865384615384615
22 0.4423076923076923 0.15985576923076922 0.078125 0.15625
29 0.5204326923076923 0.16346153846153846 0.07451923076923077 0.1502403846153846
13 0.6646634615384616 0.17307692307692307 0.06009615384615385 0.1346153846153846
11 0.7956730769230769 0.18389423076923078 0.0733173076923077 0.1346153846153846
35 0.21754807692307693 0.4050480769230769 0.051682692307692304 0.15625
35 0.2848557692307692 0.4026442307692308 0.07451923076923077 0.15745192307692307
36 0.3641826923076923 0.4050480769230769 0.07211538461538461 0.16105769230769232
36 0.4338942307692308 0.40384615384615385 0.06129807692307692 0.15625
36 0.5060096153846154 0.4014423076923077 0.06370192307692307 0.14903846153846154
11 0.6237980769230769 0.4182692307692308 0.06610576923076923 0.11538461538461539
11 0.6947115384615384 0.41225961538461536 0.05048076923076923 0.12259615384615384
11 0.7668269230769231 0.41466346153846156 0.0733173076923077 0.11778846153846154
17 0.28725961538461536 0.5985576923076923 0.07692307692307693 0.15865384615384615
15 0.4699519230769231 0.5973557692307693 0.07211538461538461 0.15384615384615385
29 0.5480769230769231 0.6081730769230769 0.06129807692307692 0.12379807692307693
29 0.6069711538461539 0.5913461538461539 0.055288461538461536 0.11298076923076923
29 0.6754807692307693 0.5961538461538461 0.056490384615384616 0.11778846153846154