1 0.708888888888889 0.906666666666667 0.186666666666667 0.141666666666667
1 0.444444444444444 0.668333333333333 0.188888888888889 0.15
1 0.48 0.4 0.18 0.16
1 0.202222222222222 0.168333333333333 0.184444444444444 0.146666666666667
1 0.644444444444444 0.136666666666667 0.186666666666667 0.148333333333333
0 0.473333333333333 0.858333333333333 0.208888888888889 0.145
0 0.653333333333333 0.726666666666667 0.2 0.146666666666667
0 0.248888888888889 0.778333333333333 0.211111111111111 0.141666666666667
0 0.333333333333333 0.538333333333333 0.18 0.141666666666667
0 0.631111111111111 0.52 0.193333333333333 0.135
0 0.68 0.34 0.193333333333333 0.13
0 0.233333333333333 0.348333333333333 0.215555555555556 0.163333333333333
0 0.4 0.171666666666667 0.188888888888889 0.146666666666667