0 0.811111111111111 0.681666666666667 0.193333333333333 0.141666666666667
0 0.671111111111111 0.845 0.222222222222222 0.151666666666667
0 0.188888888888889 0.908333333333333 0.202222222222222 0.143333333333333
0 0.333333333333333 0.625 0.175555555555556 0.126666666666667
0 0.578888888888889 0.6075 0.211111111111111 0.141666666666667
0 0.533333333333333 0.241666666666667 0.173333333333333 0.135
0 0.688888888888889 0.356666666666667 0.171111111111111 0.123333333333333
0 0.808888888888889 0.201666666666667 0.2 0.141666666666667
0 0.72 0.0816666666666667 0.177777777777778 0.141666666666667
1 0.837777777777778 0.511666666666667 0.235555555555556 0.158333333333333
1 0.425555555555556 0.7625 0.188888888888889 0.148333333333333
1 0.493333333333333 0.923333333333333 0.16 0.143333333333333
1 0.446666666666667 0.516666666666667 0.171111111111111 0.128333333333333
1 0.473333333333333 0.39 0.151111111111111 0.13
0 0.871111111111111 0.948333333333333 0.246666666666667 0.101666666666667