1 0.631111111111111 0.8875 0.191111111111111 0.168333333333333
1 0.136666666666667 0.2925 0.233333333333333 0.185
1 0.226666666666667 0.1 0.197777777777778 0.178333333333333
1 0.46 0.145 0.22 0.161666666666667
0 0.568888888888889 0.298333333333333 0.191111111111111 0.163333333333333
0 0.382222222222222 0.303333333333333 0.188888888888889 0.145
0 0.488888888888889 0.53 0.208888888888889 0.163333333333333
0 0.295555555555556 0.625 0.222222222222222 0.191666666666667
0 0.148888888888889 0.848333333333333 0.28 0.221666666666667
0 0.407777777777778 0.910833333333333 0.215555555555556 0.178333333333333
0 0.544444444444445 0.718333333333333 0.228888888888889 0.176666666666667