1 0.357777777777778 0.83 0.226666666666667 0.183333333333333
1 0.768888888888889 0.481666666666667 0.193333333333333 0.173333333333333
1 0.187777777777778 0.451666666666667 0.215555555555556 0.156666666666667
1 0.333333333333333 0.226666666666667 0.182222222222222 0.15
1 0.337777777777778 0.0766666666666667 0.171111111111111 0.14
1 0.74 0.1 0.226666666666667 0.168333333333333
1 0.515555555555556 0.28 0.2 0.135
0 0.877777777777778 0.87 0.237777777777778 0.183333333333333
0 0.111111111111111 0.848333333333333 0.224444444444444 0.171666666666667
0 0.528888888888889 0.678333333333333 0.217777777777778 0.176666666666667
0 0.791111111111111 0.671666666666667 0.211111111111111 0.151666666666667
0 0.571111111111111 0.46 0.184444444444444 0.148333333333333
0 0.731111111111111 0.305 0.211111111111111 0.156666666666667
0 0.164444444444444 0.180833333333333 0.173333333333333 0.145
0 0.524444444444444 0.14 0.186666666666667 0.146666666666667
0 0.228888888888889 0.321666666666667 0.208888888888889 0.136666666666667
0 0.375555555555556 0.431666666666667 0.175555555555556 0.136666666666667