1 0.855555555555556 0.606666666666667 0.237777777777778 0.175
1 0.291111111111111 0.77 0.237777777777778 0.18
1 0.591111111111111 0.633333333333333 0.18 0.146666666666667
1 0.555555555555556 0.493333333333333 0.208888888888889 0.131666666666667
1 0.48 0.181666666666667 0.18 0.135
1 0.493333333333333 0.313333333333333 0.173333333333333 0.123333333333333
0 0.771111111111111 0.438333333333333 0.188888888888889 0.136666666666667
0 0.782222222222222 0.243333333333333 0.182222222222222 0.141666666666667
0 0.177777777777778 0.615 0.228888888888889 0.161666666666667
0 0.377777777777778 0.403333333333333 0.191111111111111 0.14
0 0.128888888888889 0.381666666666667 0.222222222222222 0.17
0 0.224444444444444 0.195 0.193333333333333 0.14