0 0.475555555555556 0.668333333333333 0.211111111111111 0.141666666666667
0 0.433333333333333 0.808333333333333 0.246666666666667 0.15
0 0.246666666666667 0.68 0.222222222222222 0.16
0 0.26 0.443333333333333 0.197777777777778 0.148333333333333
0 0.524444444444444 0.323333333333333 0.137777777777778 0.126666666666667
0 0.524444444444444 0.138333333333333 0.148888888888889 0.135
0 0.702222222222222 0.220833333333333 0.173333333333333 0.145
0 0.744444444444444 0.375 0.208888888888889 0.141666666666667
0 0.368888888888889 0.295 0.175555555555556 0.153333333333333
1 0.746666666666667 0.551666666666667 0.204444444444444 0.163333333333333
1 0.513333333333333 0.473333333333333 0.168888888888889 0.143333333333333
1 0.157777777777778 0.555 0.206666666666667 0.126666666666667
1 0.26 0.175 0.171111111111111 0.141666666666667