1 0.333333333333333 0.73 0.22 0.166666666666667
1 0.595555555555556 0.48 0.18 0.125
1 0.653333333333333 0.618333333333333 0.146666666666667 0.133333333333333
1 0.102222222222222 0.351666666666667 0.206666666666667 0.151666666666667
0 0.775555555555556 0.781666666666667 0.195555555555556 0.145
0 0.817777777777778 0.553333333333333 0.177777777777778 0.108333333333333
0 0.915555555555556 0.396666666666667 0.162222222222222 0.123333333333333
0 0.704444444444444 0.346666666666667 0.175555555555556 0.141666666666667
1 0.411111111111111 0.351666666666667 0.184444444444444 0.146666666666667
0 0.203333333333333 0.5075 0.224444444444444 0.148333333333333
0 0.113333333333333 0.676666666666667 0.191111111111111 0.145
0 0.44 0.605 0.182222222222222 0.14
0 0.248888888888889 0.116666666666667 0.162222222222222 0.125
0 0.166666666666667 0.216666666666667 0.208888888888889 0.14