1 0.140106 0.281873 0.220452 0.157371
1 0.157371 0.433267 0.212483 0.153386
1 0.373838 0.439243 0.225764 0.173307
1 0.594290 0.531873 0.209827 0.155378
1 0.889110 0.561753 0.204515 0.163347
1 0.558433 0.734064 0.228420 0.193227
1 0.315405 0.669323 0.215139 0.175299
1 0.109562 0.590637 0.180611 0.141434
1 0.607570 0.139442 0.193891 0.143426
0 0.153386 0.115538 0.204515 0.163347
0 0.145418 0.818725 0.241700 0.175299
0 0.658035 0.323705 0.209827 0.137450
0 0.863878 0.089641 0.212483 0.175299
0 0.906707 0.312749 0.186586 0.159363
0 0.381806 0.289841 0.209827 0.141434