0 0.422222222222222 0.848333333333333 0.248888888888889 0.181666666666667
0 0.544444444444445 0.65 0.266666666666667 0.188333333333333
0 0.795555555555556 0.388333333333333 0.228888888888889 0.166666666666667
0 0.202222222222222 0.72 0.253333333333333 0.19
0 0.242222222222222 0.453333333333333 0.24 0.168333333333333
0 0.38 0.273333333333333 0.226666666666667 0.168333333333333
0 0.753333333333333 0.201666666666667 0.193333333333333 0.163333333333333
0 0.484444444444444 0.175 0.177777777777778 0.158333333333333
1 0.488888888888889 0.43 0.206666666666667 0.166666666666667
1 0.126666666666667 0.57 0.235555555555556 0.135
1 0.262222222222222 0.15 0.186666666666667 0.155