0 0.466666666666667 0.691666666666667 0.253333333333333 0.216666666666667
0 0.68 0.428333333333333 0.246666666666667 0.176666666666667
0 0.171111111111111 0.598333333333333 0.28 0.171666666666667
0 0.137777777777778 0.386666666666667 0.237777777777778 0.193333333333333
0 0.268888888888889 0.218333333333333 0.237777777777778 0.221666666666667
0 0.504444444444444 0.103333333333333 0.242222222222222 0.178333333333333
1 0.728888888888889 0.231666666666667 0.262222222222222 0.16
1 0.173333333333333 0.806666666666667 0.326666666666667 0.226666666666667
1 0.444444444444444 0.468333333333333 0.226666666666667 0.19
1 0.482222222222222 0.276666666666667 0.237777777777778 0.18
0 0.802222222222222 0.62 0.271111111111111 0.22