0 0.583333333333333 0.758333333333333 0.166666666666667 0.146666666666667
0 0.514184397163121 0.528333333333333 0.134751773049645 0.126666666666667
0 0.267730496453901 0.666666666666667 0.131205673758865 0.131666666666667
0 0.156028368794326 0.441666666666667 0.117021276595745 0.116666666666667
0 0.269503546099291 0.398333333333333 0.124113475177305 0.116666666666667
0 0.728723404255319 0.355 0.141843971631206 0.125
0 0.453900709219858 0.15 0.127659574468085 0.111666666666667
0 0.276595744680851 0.0933333333333333 0.124113475177305 0.121666666666667
1 0.663120567375887 0.595 0.134751773049645 0.115
1 0.280141843971631 0.813333333333333 0.131205673758865 0.145
1 0.407801418439716 0.708333333333333 0.125886524822695 0.12
1 0.384751773049645 0.55 0.118794326241135 0.13
1 0.590425531914894 0.303333333333333 0.115248226950355 0.113333333333333
1 0.471631205673759 0.301666666666667 0.118794326241135 0.126666666666667
1 0.315602836879433 0.276666666666667 0.127659574468085 0.121666666666667
1 0.604609929078014 0.143333333333333 0.154255319148936 0.141666666666667