0 0.600508905852417 0.878333333333333 0.267175572519084 0.18
0 0.801526717557252 0.608333333333333 0.249363867684478 0.17
0 0.860050890585242 0.796666666666667 0.21882951653944 0.161666666666667
0 0.297709923664122 0.843333333333333 0.236641221374046 0.145
0 0.104325699745547 0.713333333333333 0.211195928753181 0.136666666666667
0 0.183206106870229 0.336666666666667 0.239185750636132 0.145
0 0.468193384223919 0.333333333333333 0.241730279898219 0.146666666666667
0 0.796437659033079 0.326666666666667 0.236641221374046 0.146666666666667
0 0.475826972010178 0.145 0.223918575063613 0.133333333333333
0 0.239185750636132 0.161666666666667 0.2264631043257 0.138333333333333
1 0.544529262086514 0.506666666666667 0.249363867684478 0.151666666666667
1 0.358778625954198 0.7 0.2264631043257 0.131666666666667
1 0.132315521628499 0.515 0.236641221374046 0.141666666666667