1 0.893333333333333 0.703333333333333 0.191111111111111 0.151666666666667
1 0.633333333333333 0.76 0.197777777777778 0.153333333333333
1 0.371111111111111 0.651666666666667 0.206666666666667 0.155
1 0.44 0.401666666666667 0.151111111111111 0.113333333333333
1 0.295555555555556 0.405 0.166666666666667 0.131666666666667
0 0.102222222222222 0.888333333333333 0.206666666666667 0.17
0 0.393333333333333 0.843333333333333 0.202222222222222 0.15
0 0.155555555555556 0.68 0.193333333333333 0.143333333333333
0 0.724444444444444 0.563333333333333 0.146666666666667 0.133333333333333
0 0.853333333333333 0.485 0.166666666666667 0.12
0 0.633333333333333 0.411666666666667 0.155555555555556 0.131666666666667
0 0.533333333333333 0.528333333333333 0.144444444444444 0.123333333333333
0 0.197777777777778 0.51 0.184444444444444 0.145
0 0.126666666666667 0.358333333333333 0.166666666666667 0.12