0 0.557777777777778 0.325 0.173333333333333 0.143333333333333
0 0.373333333333333 0.37 0.193333333333333 0.116666666666667
0 0.297777777777778 0.233333333333333 0.191111111111111 0.151666666666667
0 0.491111111111111 0.148333333333333 0.166666666666667 0.131666666666667
0 0.104444444444444 0.201666666666667 0.188888888888889 0.138333333333333
0 0.131111111111111 0.575 0.2 0.143333333333333
1 0.342222222222222 0.91 0.16 0.128333333333333
1 0.288888888888889 0.733333333333333 0.188888888888889 0.138333333333333
1 0.104444444444444 0.73 0.173333333333333 0.11
1 0.364444444444444 0.533333333333333 0.191111111111111 0.151666666666667
0 0.106666666666667 0.901666666666667 0.2 0.15