1 0.726666666666667 0.720833333333333 0.208888888888889 0.161666666666667
1 0.942222222222222 0.803333333333333 0.113333333333333 0.168333333333333
1 0.691111111111111 0.385 0.202222222222222 0.138333333333333
0 0.471111111111111 0.741666666666667 0.237777777777778 0.156666666666667
0 0.904444444444445 0.93 0.188888888888889 0.14
0 0.762222222222222 0.55 0.195555555555556 0.156666666666667
0 0.222222222222222 0.585 0.215555555555556 0.158333333333333
0 0.257777777777778 0.435 0.197777777777778 0.145
0 0.457777777777778 0.385 0.191111111111111 0.143333333333333
0 0.382222222222222 0.241666666666667 0.202222222222222 0.141666666666667
0 0.133333333333333 0.288333333333333 0.182222222222222 0.125