0 0.728888888888889 0.666666666666667 0.244444444444444 0.223333333333333
0 0.124444444444444 0.873333333333333 0.251111111111111 0.18
0 0.164444444444444 0.635 0.217777777777778 0.178333333333333
0 0.862222222222222 0.475 0.215555555555556 0.171666666666667
0 0.766666666666667 0.245 0.191111111111111 0.161666666666667
0 0.0977777777777778 0.19 0.184444444444444 0.146666666666667
0 0.133333333333333 0.445 0.237777777777778 0.181666666666667
1 0.628888888888889 0.436666666666667 0.182222222222222 0.148333333333333
1 0.422222222222222 0.601666666666667 0.235555555555556 0.183333333333333
1 0.304444444444444 0.298333333333333 0.202222222222222 0.17
1 0.488888888888889 0.263333333333333 0.195555555555556 0.155