1 0.338888888888889 0.729166666666667 0.215555555555556 0.171666666666667
1 0.606666666666667 0.48 0.191111111111111 0.13
1 0.657777777777778 0.621666666666667 0.16 0.126666666666667
1 0.697777777777778 0.346666666666667 0.175555555555556 0.14
1 0.415555555555556 0.353333333333333 0.184444444444444 0.141666666666667
1 0.111111111111111 0.355 0.224444444444444 0.151666666666667
0 0.766666666666667 0.780833333333333 0.204444444444444 0.151666666666667
0 0.431111111111111 0.605 0.175555555555556 0.133333333333333
0 0.11 0.6775 0.22 0.155
0 0.206666666666667 0.51 0.222222222222222 0.153333333333333
0 0.913333333333333 0.395 0.157777777777778 0.123333333333333
0 0.828888888888889 0.548333333333333 0.195555555555556 0.128333333333333
0 0.246666666666667 0.108333333333333 0.175555555555556 0.118333333333333
0 0.16 0.21 0.206666666666667 0.138333333333333