1 0.217777777777778 0.798333333333333 0.335555555555556 0.235
1 0.557777777777778 0.475 0.231111111111111 0.2
1 0.626666666666667 0.284166666666667 0.257777777777778 0.178333333333333
1 0.175555555555556 0.175 0.284444444444444 0.196666666666667
1 0.874444444444445 0.2625 0.242222222222222 0.165
0 0.664444444444445 0.11 0.257777777777778 0.168333333333333
0 0.551111111111111 0.710833333333333 0.257777777777778 0.228333333333333
0 0.233333333333333 0.578333333333333 0.262222222222222 0.188333333333333
0 0.255555555555556 0.355 0.224444444444444 0.2
0 0.427777777777778 0.195 0.242222222222222 0.216666666666667
0 0.8 0.45 0.251111111111111 0.2