0 0.278757 0.340776 0.161406 0.117990
0 0.485111 0.313194 0.173664 0.111860
0 0.693508 0.319324 0.165492 0.124119
0 0.623021 0.436547 0.143018 0.101134
0 0.440162 0.461064 0.136888 0.122587
0 0.300209 0.502437 0.175707 0.119522
0 0.916731 0.673292 0.166538 0.121054
1 0.111222 0.501671 0.190009 0.124119
1 0.892711 0.560666 0.171621 0.098069
1 0.628129 0.588248 0.177751 0.116457
1 0.725176 0.720029 0.187966 0.128716
1 0.549469 0.819630 0.179794 0.125651
1 0.464680 0.693979 0.181837 0.131781
1 0.139825 0.754506 0.169578 0.124119
1 0.283865 0.631919 0.151190 0.139442
1 0.113265 0.618128 0.185923 0.121054