0 0.175555555555556 0.673333333333333 0.188888888888889 0.135
0 0.36 0.801666666666667 0.215555555555556 0.145
0 0.624444444444444 0.826666666666667 0.24 0.171666666666667
0 0.853333333333333 0.745 0.195555555555556 0.155
0 0.795555555555556 0.556666666666667 0.222222222222222 0.158333333333333
0 0.253333333333333 0.303333333333333 0.22 0.151666666666667
0 0.506666666666667 0.296666666666667 0.197777777777778 0.151666666666667
0 0.782222222222222 0.291666666666667 0.213333333333333 0.158333333333333
0 0.502222222222222 0.12 0.188888888888889 0.128333333333333
0 0.308888888888889 0.128333333333333 0.193333333333333 0.138333333333333
1 0.571111111111111 0.461666666666667 0.217777777777778 0.153333333333333
1 0.417777777777778 0.653333333333333 0.206666666666667 0.133333333333333
1 0.206666666666667 0.471666666666667 0.228888888888889 0.151666666666667