0 0.363214 0.262948 0.177955 0.135458
0 0.599602 0.240040 0.162019 0.137450
0 0.844698 0.237344 0.234958 0.140975
0 0.768082 0.370657 0.192052 0.131781
0 0.554577 0.399005 0.157319 0.145572
0 0.406451 0.448806 0.216570 0.128716
1 0.189881 0.442676 0.204311 0.134845
1 0.191925 0.572158 0.196139 0.133313
1 0.383977 0.575989 0.204311 0.147104
1 0.169450 0.729223 0.187966 0.156298
1 0.771146 0.536915 0.194095 0.130248
1 0.884539 0.691680 0.216570 0.154766
1 0.688400 0.806605 0.208397 0.151701
1 0.585223 0.659501 0.202268 0.176218