0 0.303453 0.177291 0.281541 0.227092
0 0.174635 0.609562 0.247012 0.187251
0 0.123838 0.792829 0.247676 0.183267
0 0.368526 0.858566 0.247012 0.203187
0 0.659363 0.912351 0.249668 0.175298
0 0.782869 0.455179 0.209827 0.173307
0 0.057437 0.513944 0.114874 0.159363
1 0.594290 0.266932 0.215139 0.183267
1 0.284861 0.404382 0.244356 0.159363
1 0.805445 0.249004 0.212483 0.211155
1 0.959827 0.473108 0.080345 0.181275
1 0.582337 0.473108 0.254980 0.181275
1 0.440239 0.611554 0.252324 0.179283
1 0.756308 0.668327 0.204515 0.177291
1 0.905378 0.867530 0.189243 0.181275