1 0.528947368421053 0.801666666666667 0.213157894736842 0.258333333333333
1 0.872368421052632 0.681666666666667 0.201315789473684 0.251666666666667
1 0.748684210526316 0.121666666666667 0.161842105263158 0.175
1 0.248684210526316 0.588333333333333 0.189473684210526 0.228333333333333
1 0.307894736842105 0.836666666666667 0.188157894736842 0.228333333333333
0 0.0921052631578947 0.868333333333333 0.184210526315789 0.24
0 0.578947368421053 0.536666666666667 0.172368421052632 0.22
0 0.392763157894737 0.395 0.159210526315789 0.236666666666667
0 0.635526315789474 0.32 0.156578947368421 0.19
0 0.884210526315789 0.406666666666667 0.161842105263158 0.178333333333333
0 0.925 0.22 0.148684210526316 0.178333333333333