0 0.194874 0.198506 0.222469 0.176692
0 0.832005 0.263944 0.169987 0.141434
0 0.618935 0.435781 0.171621 0.145572
0 0.778297 0.598208 0.183880 0.136378
0 0.579094 0.628089 0.202268 0.153233
0 0.109179 0.745312 0.206354 0.142507
0 0.321662 0.786685 0.210440 0.154766
1 0.455486 0.213593 0.196139 0.163960
1 0.625064 0.267991 0.175707 0.153233
1 0.827332 0.435015 0.171621 0.140975
1 0.211334 0.416627 0.202268 0.131781
0 0.457529 0.429652 0.200225 0.154766
1 0.156170 0.597442 0.185923 0.131781
1 0.348222 0.579820 0.194095 0.148636
1 0.552533 0.774426 0.198182 0.130248
1 0.765017 0.770596 0.190009 0.137910