1 0.815555555555556 0.413333333333333 0.228888888888889 0.138333333333333
1 0.56 0.356666666666667 0.168888888888889 0.136666666666667
1 0.513333333333333 0.169166666666667 0.168888888888889 0.151666666666667
1 0.217777777777778 0.356666666666667 0.188888888888889 0.141666666666667
0 0.46 0.668333333333333 0.193333333333333 0.186666666666667
0 0.782222222222222 0.825 0.215555555555556 0.186666666666667
0 0.701111111111111 0.580833333333333 0.211111111111111 0.158333333333333
0 0.388888888888889 0.473333333333333 0.208888888888889 0.165
0 0.244444444444444 0.158333333333333 0.186666666666667 0.133333333333333
0 0.377777777777778 0.248333333333333 0.171111111111111 0.131666666666667
0 0.711111111111111 0.271666666666667 0.173333333333333 0.153333333333333