1 0.706666666666667 0.893333333333333 0.226666666666667 0.188333333333333
1 0.537777777777778 0.496666666666667 0.184444444444444 0.131666666666667
1 0.846666666666667 0.606666666666667 0.195555555555556 0.155
1 0.326666666666667 0.386666666666667 0.171111111111111 0.111666666666667
1 0.346666666666667 0.496666666666667 0.166666666666667 0.095
0 0.173333333333333 0.711666666666667 0.204444444444444 0.15
0 0.508888888888889 0.798333333333333 0.195555555555556 0.151666666666667
0 0.831111111111111 0.781666666666667 0.2 0.146666666666667
0 0.617777777777778 0.65 0.197777777777778 0.151666666666667
0 0.373333333333333 0.635 0.175555555555556 0.15
0 0.153333333333333 0.48 0.162222222222222 0.115
0 0.468888888888889 0.315 0.146666666666667 0.113333333333333
0 0.617777777777778 0.390833333333333 0.151111111111111 0.138333333333333
0 0.706666666666667 0.311666666666667 0.153333333333333 0.1