1 0.655378 0.458167 0.215139 0.151394
1 0.871846 0.285857 0.217795 0.169323
1 0.360558 0.252988 0.135458 0.123506
1 0.824037 0.615538 0.228420 0.171315
1 0.620850 0.688247 0.172643 0.165339
1 0.462815 0.742032 0.159363 0.133466
1 0.280876 0.563745 0.183267 0.123506
1 0.347278 0.620518 0.167331 0.125498
1 0.460159 0.519920 0.180611 0.135458
0 0.522576 0.313745 0.146082 0.141434
0 0.154714 0.474104 0.148738 0.111554
0 0.146746 0.655378 0.159363 0.107570
0 0.646082 0.865538 0.249668 0.173307
0 0.372510 0.445219 0.164675 0.117530
0 0.453519 0.096614 0.183267 0.149402
0 0.647410 0.162351 0.172643 0.145418