1 0.677777777777778 0.815 0.255555555555556 0.195
1 0.575555555555555 0.43 0.197777777777778 0.14
1 0.273333333333333 0.723333333333333 0.193333333333333 0.16
1 0.593333333333333 0.101666666666667 0.202222222222222 0.175
0 0.911111111111111 0.155 0.177777777777778 0.185
0 0.871111111111111 0.406666666666667 0.257777777777778 0.193333333333333
0 0.686666666666667 0.246666666666667 0.235555555555556 0.165
0 0.448888888888889 0.25 0.211111111111111 0.151666666666667
0 0.686666666666667 0.595 0.233333333333333 0.163333333333333
0 0.451111111111111 0.646666666666667 0.206666666666667 0.158333333333333
0 0.34 0.566666666666667 0.164444444444444 0.15