1 0.842222222222222 0.676666666666667 0.248888888888889 0.201666666666667
1 0.366666666666667 0.358333333333333 0.186666666666667 0.156666666666667
1 0.561111111111111 0.429166666666667 0.193333333333333 0.128333333333333
1 0.382222222222222 0.2 0.184444444444444 0.16
1 0.188888888888889 0.608333333333333 0.231111111111111 0.165
0 0.153333333333333 0.805 0.246666666666667 0.178333333333333
0 0.542222222222222 0.883333333333333 0.24 0.191666666666667
0 0.833333333333333 0.9 0.237777777777778 0.18
0 0.611111111111111 0.643333333333333 0.202222222222222 0.166666666666667
0 0.804444444444445 0.47 0.228888888888889 0.16
0 0.394444444444444 0.589166666666667 0.188888888888889 0.131666666666667
0 0.255555555555556 0.456666666666667 0.244444444444444 0.14
0 0.197777777777778 0.303333333333333 0.188888888888889 0.156666666666667
0 0.583333333333333 0.281666666666667 0.215555555555556 0.15