0 0.662222222222222 0.305 0.166666666666667 0.158333333333333
0 0.315555555555556 0.805 0.222222222222222 0.175
0 0.326666666666667 0.586666666666667 0.2 0.156666666666667
0 0.211111111111111 0.398333333333333 0.182222222222222 0.15
0 0.306666666666667 0.276666666666667 0.193333333333333 0.143333333333333
0 0.251111111111111 0.0983333333333333 0.18 0.141666666666667
0 0.0622222222222222 0.251666666666667 0.124444444444444 0.153333333333333
1 0.602222222222222 0.696666666666667 0.206666666666667 0.156666666666667
1 0.733333333333333 0.498333333333333 0.197777777777778 0.168333333333333
1 0.491111111111111 0.425 0.18 0.136666666666667
1 0.113333333333333 0.573333333333333 0.217777777777778 0.153333333333333