0 0.555555555555556 0.708333333333333 0.235555555555556 0.221666666666667
0 0.226666666666667 0.576666666666667 0.271111111111111 0.191666666666667
0 0.795555555555556 0.46 0.248888888888889 0.185
0 0.246666666666667 0.36 0.242222222222222 0.19
0 0.415555555555556 0.19 0.231111111111111 0.216666666666667
0 0.662222222222222 0.111666666666667 0.28 0.163333333333333
1 0.22 0.801666666666667 0.342222222222222 0.241666666666667
1 0.555555555555556 0.476666666666667 0.224444444444444 0.208333333333333
1 0.868888888888889 0.261666666666667 0.244444444444444 0.165
1 0.162222222222222 0.173333333333333 0.284444444444444 0.213333333333333
1 0.617777777777778 0.278333333333333 0.282222222222222 0.175