0 0.108888888888889 0.721666666666667 0.22 0.181666666666667
0 0.124444444444444 0.913333333333333 0.22 0.171666666666667
0 0.393333333333333 0.720833333333333 0.2 0.141666666666667
0 0.616666666666667 0.825 0.202222222222222 0.17
0 0.753333333333333 0.511666666666667 0.204444444444444 0.145
0 0.193333333333333 0.241666666666667 0.148888888888889 0.135
1 0.217777777777778 0.411666666666667 0.2 0.148333333333333
1 0.471111111111111 0.535 0.197777777777778 0.135
1 0.448888888888889 0.371666666666667 0.2 0.163333333333333
1 0.628888888888889 0.646666666666667 0.177777777777778 0.153333333333333
1 0.373333333333333 0.885 0.26 0.19