1 0.5470737913486 0.51 0.269720101781171 0.153333333333333
1 0.78117048346056 0.328333333333333 0.246819338422392 0.175
1 0.358778625954199 0.698333333333333 0.216284987277354 0.14
1 0.132315521628499 0.5125 0.264631043256997 0.145
0 0.468193384223919 0.143333333333333 0.221374045801527 0.136666666666667
0 0.236641221374046 0.161666666666667 0.249363867684478 0.143333333333333
0 0.173027989821883 0.34 0.269720101781171 0.165
0 0.480916030534351 0.333333333333333 0.249363867684478 0.153333333333333
0 0.793893129770992 0.606666666666667 0.28498727735369 0.168333333333333
0 0.852417302798982 0.8 0.2264631043257 0.18
0 0.61323155216285 0.881666666666667 0.269720101781171 0.183333333333333
0 0.302798982188295 0.848333333333333 0.264631043256997 0.18
0 0.11704834605598 0.715 0.236641221374046 0.17