0 0.666666666666667 0.846666666666667 0.206666666666667 0.151666666666667
0 0.191111111111111 0.908333333333333 0.202222222222222 0.15
0 0.82 0.686666666666667 0.211111111111111 0.148333333333333
0 0.582222222222222 0.606666666666667 0.191111111111111 0.151666666666667
0 0.817777777777778 0.208333333333333 0.217777777777778 0.15
0 0.715555555555556 0.0766666666666667 0.173333333333333 0.141666666666667
0 0.542222222222222 0.245 0.191111111111111 0.145
0 0.684444444444444 0.351666666666667 0.164444444444444 0.13
0 0.866666666666667 0.9425 0.222222222222222 0.115
1 0.504444444444444 0.926666666666667 0.166666666666667 0.146666666666667
1 0.84 0.508333333333333 0.233333333333333 0.163333333333333
1 0.431111111111111 0.761666666666667 0.2 0.158333333333333
1 0.442222222222222 0.513333333333333 0.184444444444444 0.131666666666667
1 0.473333333333333 0.391666666666667 0.162222222222222 0.141666666666667
0 0.333333333333333 0.625 0.186666666666667 0.131666666666667