1 0.575555555555555 0.843333333333333 0.195555555555556 0.158333333333333
1 0.764444444444444 0.626666666666667 0.151111111111111 0.121666666666667
1 0.604444444444444 0.533333333333333 0.166666666666667 0.111666666666667
1 0.375555555555556 0.448333333333333 0.166666666666667 0.126666666666667
1 0.12 0.63 0.215555555555556 0.133333333333333
0 0.0933333333333333 0.371666666666667 0.16 0.11
0 0.804444444444445 0.345 0.151111111111111 0.113333333333333
0 0.837777777777778 0.505 0.171111111111111 0.13
0 0.777777777777778 0.78 0.182222222222222 0.146666666666667
0 0.353333333333333 0.888333333333333 0.188888888888889 0.153333333333333
0 0.104444444444444 0.835 0.204444444444444 0.146666666666667
0 0.316666666666667 0.706666666666667 0.211111111111111 0.15
0 0.562222222222222 0.698333333333333 0.182222222222222 0.125
0 0.562222222222222 0.406666666666667 0.166666666666667 0.14
0 0.0977777777777778 0.495 0.197777777777778 0.121666666666667