0 0.493333333333333 0.91 0.248888888888889 0.18
0 0.593333333333333 0.715 0.224444444444444 0.171666666666667
0 0.371111111111111 0.581666666666667 0.253333333333333 0.188333333333333
0 0.602222222222222 0.446666666666667 0.211111111111111 0.125
0 0.465555555555556 0.314166666666667 0.171111111111111 0.141666666666667
0 0.437777777777778 0.161666666666667 0.206666666666667 0.17
1 0.153333333333333 0.883333333333333 0.251111111111111 0.178333333333333
1 0.751111111111111 0.561666666666667 0.255555555555556 0.166666666666667
1 0.113333333333333 0.638333333333333 0.226666666666667 0.195
1 0.704444444444444 0.27 0.184444444444444 0.138333333333333
1 0.62 0.126666666666667 0.2 0.171666666666667
1 0.3 0.25 0.226666666666667 0.168333333333333
0 0.122222222222222 0.38 0.244444444444444 0.17