1 0.545555555555556 0.480833333333333 0.224444444444444 0.151666666666667
1 0.835555555555556 0.271666666666667 0.204444444444444 0.156666666666667
1 0.174444444444444 0.478333333333333 0.228888888888889 0.143333333333333
1 0.342222222222222 0.580833333333333 0.213333333333333 0.131666666666667
0 0.131111111111111 0.683333333333333 0.204444444444444 0.146666666666667
0 0.438888888888889 0.896666666666667 0.242222222222222 0.193333333333333
0 0.828888888888889 0.776666666666667 0.224444444444444 0.168333333333333
0 0.533333333333333 0.705 0.237777777777778 0.17
0 0.766666666666667 0.575833333333333 0.24 0.181666666666667
0 0.493333333333333 0.311666666666667 0.217777777777778 0.146666666666667
0 0.473333333333333 0.173333333333333 0.195555555555556 0.13
0 0.262222222222222 0.308333333333333 0.271111111111111 0.148333333333333