1 0.602222222222222 0.533333333333333 0.164444444444444 0.115
1 0.38 0.445 0.166666666666667 0.128333333333333
1 0.564444444444444 0.401666666666667 0.157777777777778 0.138333333333333
1 0.761111111111111 0.626666666666667 0.148888888888889 0.143333333333333
1 0.575555555555555 0.848333333333333 0.215555555555556 0.17
1 0.128888888888889 0.635 0.202222222222222 0.145
0 0.108888888888889 0.835 0.217777777777778 0.158333333333333
0 0.355555555555556 0.888333333333333 0.197777777777778 0.161666666666667
0 0.775555555555556 0.783333333333333 0.184444444444444 0.156666666666667
0 0.562222222222222 0.698333333333333 0.182222222222222 0.126666666666667
0 0.313333333333333 0.706666666666667 0.202222222222222 0.158333333333333
0 0.835555555555556 0.505 0.162222222222222 0.133333333333333
0 0.802222222222222 0.341666666666667 0.16 0.116666666666667
0 0.0888888888888889 0.370833333333333 0.173333333333333 0.105
0 0.0955555555555556 0.491666666666667 0.191111111111111 0.125