1 0.908888888888889 0.751666666666667 0.182222222222222 0.235
1 0.268888888888889 0.498333333333333 0.246666666666667 0.203333333333333
1 0.588888888888889 0.26 0.246666666666667 0.206666666666667
1 0.766666666666667 0.396666666666667 0.266666666666667 0.166666666666667
1 0.675555555555556 0.0883333333333333 0.268888888888889 0.166666666666667
0 0.551111111111111 0.888333333333333 0.306666666666667 0.221666666666667
0 0.74 0.646666666666667 0.257777777777778 0.186666666666667
0 0.504444444444444 0.525 0.222222222222222 0.17
0 0.402222222222222 0.34 0.291111111111111 0.185
0 0.411111111111111 0.153333333333333 0.242222222222222 0.191666666666667
0 0.862222222222222 0.223333333333333 0.26 0.168333333333333
0 0.942222222222222 0.506666666666667 0.113333333333333 0.196666666666667
0 0.862222222222222 0.943333333333333 0.273333333333333 0.113333333333333