0 0.644444444444444 0.595 0.182222222222222 0.156666666666667
0 0.891111111111111 0.56 0.215555555555556 0.163333333333333
0 0.115555555555556 0.52 0.233333333333333 0.163333333333333
0 0.166666666666667 0.715 0.213333333333333 0.163333333333333
0 0.417777777777778 0.506666666666667 0.191111111111111 0.128333333333333
0 0.802222222222222 0.41 0.186666666666667 0.123333333333333
0 0.406666666666667 0.351666666666667 0.175555555555556 0.135
0 0.516666666666667 0.2375 0.166666666666667 0.161666666666667
0 0.684444444444444 0.165 0.191111111111111 0.125
1 0.177777777777778 0.203333333333333 0.228888888888889 0.163333333333333
1 0.428888888888889 0.666666666666667 0.235555555555556 0.17
1 0.628888888888889 0.43 0.175555555555556 0.143333333333333
1 0.848888888888889 0.263333333333333 0.173333333333333 0.125
1 0.657777777777778 0.286666666666667 0.215555555555556 0.133333333333333