1 0.675555555555556 0.815 0.228888888888889 0.18
1 0.577777777777778 0.426666666666667 0.208888888888889 0.138333333333333
1 0.588888888888889 0.106666666666667 0.2 0.191666666666667
1 0.273333333333333 0.72 0.173333333333333 0.145
0 0.7 0.595 0.226666666666667 0.173333333333333
0 0.877777777777778 0.401666666666667 0.244444444444444 0.185
0 0.913333333333333 0.151666666666667 0.173333333333333 0.191666666666667
0 0.677777777777778 0.253333333333333 0.237777777777778 0.173333333333333
0 0.46 0.25 0.188888888888889 0.16
0 0.335555555555556 0.566666666666667 0.173333333333333 0.148333333333333
0 0.453333333333333 0.648333333333333 0.2 0.138333333333333