0 0.542222222222222 0.843333333333333 0.175555555555556 0.136666666666667
0 0.277777777777778 0.871666666666667 0.195555555555556 0.136666666666667
0 0.328888888888889 0.685 0.166666666666667 0.14
0 0.104444444444444 0.603333333333333 0.211111111111111 0.145
0 0.324444444444444 0.501666666666667 0.193333333333333 0.14
0 0.816666666666667 0.561666666666667 0.171111111111111 0.136666666666667
0 0.755555555555556 0.428333333333333 0.155555555555556 0.12
0 0.404444444444444 0.361666666666667 0.182222222222222 0.125
1 0.582222222222222 0.216666666666667 0.173333333333333 0.123333333333333
1 0.786666666666667 0.76 0.184444444444444 0.138333333333333
1 0.52 0.643333333333333 0.184444444444444 0.145
1 0.671111111111111 0.57 0.148888888888889 0.12
1 0.12 0.436666666666667 0.204444444444444 0.138333333333333
1 0.591111111111111 0.375 0.16 0.12