1 0.815555555555556 0.421666666666667 0.213333333333333 0.158333333333333
1 0.22 0.356666666666667 0.173333333333333 0.145
1 0.546666666666667 0.353333333333333 0.175555555555556 0.13
1 0.377777777777778 0.25 0.164444444444444 0.138333333333333
1 0.513333333333333 0.168333333333333 0.157777777777778 0.131666666666667
0 0.237777777777778 0.156666666666667 0.202222222222222 0.148333333333333
0 0.775555555555556 0.831666666666667 0.224444444444444 0.178333333333333
0 0.462222222222222 0.67 0.2 0.181666666666667
0 0.695555555555555 0.576666666666667 0.22 0.151666666666667
0 0.391111111111111 0.481666666666667 0.22 0.156666666666667
0 0.708888888888889 0.271666666666667 0.18 0.146666666666667