0 0.557777777777778 0.896666666666667 0.233333333333333 0.166666666666667
0 0.88 0.811666666666667 0.188888888888889 0.155
0 0.831111111111111 0.638333333333333 0.211111111111111 0.148333333333333
0 0.822222222222222 0.22 0.137777777777778 0.125
0 0.591111111111111 0.398333333333333 0.177777777777778 0.123333333333333
0 0.373333333333333 0.4 0.18 0.131666666666667
0 0.293333333333333 0.713333333333333 0.157777777777778 0.121666666666667
1 0.466666666666667 0.628333333333333 0.177777777777778 0.116666666666667
1 0.637777777777778 0.546666666666667 0.2 0.14
1 0.891111111111111 0.366666666666667 0.195555555555556 0.135
1 0.595555555555556 0.125 0.146666666666667 0.121666666666667
1 0.328888888888889 0.538333333333333 0.177777777777778 0.121666666666667