0 0.624444444444444 0.761666666666667 0.186666666666667 0.166666666666667
0 0.407777777777778 0.658333333333333 0.175555555555556 0.13
0 0.133333333333333 0.645 0.226666666666667 0.155
0 0.151111111111111 0.838333333333333 0.211111111111111 0.158333333333333
0 0.222222222222222 0.216666666666667 0.148888888888889 0.128333333333333
0 0.233333333333333 0.0983333333333333 0.171111111111111 0.116666666666667
1 0.464444444444444 0.331666666666667 0.186666666666667 0.151666666666667
1 0.246666666666667 0.366666666666667 0.191111111111111 0.143333333333333
1 0.633333333333333 0.590833333333333 0.177777777777778 0.141666666666667
1 0.386666666666667 0.811666666666667 0.228888888888889 0.18
1 0.0511111111111111 0.1 0.102222222222222 0.155