0 0.806666666666667 0.531666666666667 0.188888888888889 0.113333333333333
0 0.588888888888889 0.57 0.162222222222222 0.118333333333333
0 0.488888888888889 0.733333333333333 0.197777777777778 0.145
0 0.384444444444444 0.536666666666667 0.155555555555556 0.125
0 0.611111111111111 0.303333333333333 0.151111111111111 0.12
0 0.664444444444445 0.43 0.148888888888889 0.118333333333333
0 0.237777777777778 0.426666666666667 0.144444444444444 0.121666666666667
0 0.27 0.328333333333333 0.157777777777778 0.116666666666667
1 0.762222222222222 0.703333333333333 0.155555555555556 0.116666666666667
1 0.18 0.595 0.173333333333333 0.133333333333333
1 0.0911111111111111 0.338333333333333 0.164444444444444 0.118333333333333
1 0.488888888888889 0.425 0.137777777777778 0.123333333333333
1 0.784444444444445 0.331666666666667 0.168888888888889 0.106666666666667