1 0.666666666666667 0.851666666666667 0.144444444444444 0.131666666666667
1 0.575555555555555 0.713333333333333 0.171111111111111 0.14
1 0.877777777777778 0.446666666666667 0.182222222222222 0.151666666666667
1 0.548888888888889 0.391666666666667 0.153333333333333 0.111666666666667
1 0.547777777777778 0.495 0.157777777777778 0.116666666666667
0 0.395555555555556 0.866666666666667 0.16 0.13
0 0.902222222222222 0.603333333333333 0.184444444444444 0.12
0 0.808888888888889 0.753333333333333 0.191111111111111 0.138333333333333
0 0.428888888888889 0.628333333333333 0.151111111111111 0.115
0 0.691111111111111 0.565 0.184444444444444 0.13
0 0.737777777777778 0.335 0.151111111111111 0.11
0 0.584444444444444 0.258333333333333 0.164444444444444 0.118333333333333
0 0.797777777777778 0.193333333333333 0.184444444444444 0.121666666666667
0 0.697777777777778 0.0966666666666667 0.157777777777778 0.121666666666667