0 0.148074 0.377490 0.225764 0.145418
0 0.267596 0.613546 0.199203 0.123506
0 0.456175 0.670319 0.204515 0.157371
0 0.663398 0.721116 0.167434 0.127490
0 0.322045 0.465139 0.191235 0.149402
0 0.752649 0.375814 0.152722 0.126162
0 0.418430 0.150051 0.196990 0.152722
1 0.223654 0.190721 0.188136 0.164343
1 0.768143 0.232222 0.139442 0.137782
1 0.637554 0.229732 0.161576 0.132802
1 0.407364 0.316053 0.166003 0.126162
1 0.62 0.385833333333333 0.173333333333333 0.145
1 0.915332 0.406525 0.141656 0.131142
1 0.732729 0.541817 0.152722 0.116202
1 0.856677 0.689559 0.152722 0.136122
1 0.513605 0.485376 0.183710 0.146082