1 0.36 0.831666666666667 0.226666666666667 0.181666666666667
1 0.791111111111111 0.476666666666667 0.248888888888889 0.173333333333333
1 0.195555555555556 0.45 0.2 0.146666666666667
1 0.33 0.221666666666667 0.175555555555556 0.146666666666667
1 0.512222222222222 0.279166666666667 0.197777777777778 0.125
1 0.337777777777778 0.0783333333333333 0.168888888888889 0.14
0 0.164444444444444 0.183333333333333 0.157777777777778 0.15
0 0.108888888888889 0.85 0.197777777777778 0.175
0 0.877777777777778 0.87 0.24 0.181666666666667
0 0.8 0.671666666666667 0.208888888888889 0.158333333333333
0 0.535555555555556 0.681666666666667 0.22 0.183333333333333
0 0.571111111111111 0.465 0.177777777777778 0.146666666666667
0 0.375555555555556 0.428333333333333 0.186666666666667 0.121666666666667
0 0.737777777777778 0.303333333333333 0.213333333333333 0.14
0 0.737777777777778 0.1 0.228888888888889 0.156666666666667
0 0.517777777777778 0.14 0.186666666666667 0.13
0 0.228888888888889 0.323333333333333 0.215555555555556 0.15