1 0.352590 0.185259 0.177955 0.123506
1 0.619522 0.261952 0.164675 0.125498
1 0.785525 0.537849 0.172643 0.139442
1 0.554449 0.450199 0.151394 0.135458
1 0.214475 0.250000 0.177955 0.137450
1 0.308765 0.514940 0.191235 0.145418
1 0.316733 0.377490 0.201859 0.121514
1 0.086653 0.432271 0.173306 0.123506
0 0.628818 0.642430 0.177955 0.133466
0 0.396414 0.701195 0.207171 0.159363
0 0.185259 0.738048 0.193891 0.165339
0 0.117530 0.589641 0.185923 0.143426
0 0.442895 0.308765 0.156707 0.131474
0 0.042829 0.273904 0.085657 0.153386