0 0.755905511811024 0.81 0.230971128608924 0.158333333333333
0 0.220472440944882 0.928333333333333 0.202099737532808 0.143333333333333
0 0.254593175853018 0.67 0.181102362204724 0.13
0 0.874015748031496 0.64 0.230971128608924 0.138333333333333
0 0.593175853018373 0.591666666666667 0.230971128608924 0.143333333333333
0 0.656167979002625 0.343333333333333 0.186351706036745 0.116666666666667
0 0.745406824146982 0.191666666666667 0.217847769028871 0.126666666666667
0 0.456692913385827 0.26 0.21259842519685 0.118333333333333
0 0.611548556430446 0.0833333333333333 0.202099737532808 0.13
1 0.859580052493438 0.4675 0.249343832020997 0.151666666666667
1 0.569553805774278 0.911666666666667 0.191601049868766 0.143333333333333
1 0.458005249343832 0.764166666666667 0.223097112860892 0.145
1 0.41994750656168 0.525 0.188976377952756 0.118333333333333
1 0.41994750656168 0.41 0.183727034120735 0.118333333333333