1 0.346666666666667 0.873333333333333 0.235555555555556 0.171666666666667
1 0.575555555555555 0.646666666666667 0.148888888888889 0.135
1 0.428888888888889 0.541666666666667 0.173333333333333 0.12
1 0.257777777777778 0.566666666666667 0.186666666666667 0.138333333333333
0 0.762222222222222 0.755 0.173333333333333 0.156666666666667
0 0.357777777777778 0.718333333333333 0.184444444444444 0.126666666666667
0 0.106666666666667 0.715 0.213333333333333 0.155
0 0.108888888888889 0.91 0.217777777777778 0.156666666666667
0 0.682222222222222 0.515 0.175555555555556 0.125
0 0.68 0.336666666666667 0.182222222222222 0.128333333333333
0 0.435555555555556 0.388333333333333 0.175555555555556 0.148333333333333