1 0.384751773049645 0.551666666666667 0.127659574468085 0.12
1 0.278368794326241 0.815 0.147163120567376 0.14
1 0.407801418439716 0.71 0.129432624113475 0.13
1 0.661347517730496 0.601666666666667 0.138297872340426 0.126666666666667
1 0.604609929078014 0.145 0.150709219858156 0.146666666666667
1 0.590425531914894 0.303333333333333 0.118794326241135 0.12
1 0.474290780141844 0.304166666666667 0.125886524822695 0.131666666666667
1 0.315602836879433 0.275 0.131205673758865 0.118333333333333
0 0.278368794326241 0.0966666666666667 0.134751773049645 0.121666666666667
0 0.455673758865248 0.148333333333333 0.127659574468085 0.123333333333333
0 0.734042553191489 0.350833333333333 0.156028368794326 0.131666666666667
0 0.154255319148936 0.443333333333333 0.136524822695035 0.12
0 0.271276595744681 0.396666666666667 0.141843971631206 0.113333333333333
0 0.590425531914894 0.759166666666667 0.170212765957447 0.148333333333333
0 0.517730496453901 0.531666666666667 0.131205673758865 0.135
0 0.271276595744681 0.666666666666667 0.138297872340426 0.128333333333333