0 0.762222222222222 0.755 0.202222222222222 0.165
0 0.355555555555556 0.713333333333333 0.173333333333333 0.126666666666667
0 0.0955555555555556 0.721666666666667 0.193333333333333 0.166666666666667
0 0.102222222222222 0.903333333333333 0.206666666666667 0.163333333333333
0 0.673333333333333 0.333333333333333 0.166666666666667 0.115
0 0.675555555555556 0.515 0.175555555555556 0.141666666666667
1 0.442222222222222 0.39 0.171111111111111 0.141666666666667
1 0.255555555555556 0.551666666666667 0.175555555555556 0.12
1 0.437777777777778 0.535 0.195555555555556 0.135
1 0.574444444444445 0.646666666666667 0.153333333333333 0.143333333333333
0 0.344444444444444 0.871666666666667 0.226666666666667 0.173333333333333