1 0.18 0.801666666666667 0.315555555555556 0.22
1 0.448888888888889 0.473333333333333 0.215555555555556 0.183333333333333
1 0.487777777777778 0.28 0.242222222222222 0.18
1 0.728888888888889 0.231666666666667 0.233333333333333 0.16
1 0.806666666666667 0.621666666666667 0.268888888888889 0.213333333333333
0 0.471111111111111 0.69 0.246666666666667 0.218333333333333
0 0.68 0.431666666666667 0.242222222222222 0.17
0 0.157777777777778 0.593333333333333 0.248888888888889 0.181666666666667
0 0.135555555555556 0.388333333333333 0.222222222222222 0.176666666666667
0 0.268888888888889 0.22 0.235555555555556 0.211666666666667
0 0.504444444444444 0.106666666666667 0.237777777777778 0.163333333333333