1 0.515555555555556 0.4725 0.204444444444444 0.135
1 0.748888888888889 0.551666666666667 0.22 0.166666666666667
1 0.264444444444444 0.178333333333333 0.164444444444444 0.14
1 0.155555555555556 0.55 0.191111111111111 0.13
0 0.444444444444444 0.81 0.253333333333333 0.156666666666667
0 0.482222222222222 0.668333333333333 0.22 0.136666666666667
0 0.24 0.68 0.211111111111111 0.166666666666667
0 0.262222222222222 0.448333333333333 0.2 0.15
0 0.37 0.295833333333333 0.166666666666667 0.141666666666667
0 0.534444444444445 0.334166666666667 0.162222222222222 0.145
0 0.742222222222222 0.375 0.206666666666667 0.138333333333333
0 0.695555555555555 0.223333333333333 0.171111111111111 0.141666666666667
0 0.524444444444444 0.136666666666667 0.151111111111111 0.145