1 0.448888888888889 0.813333333333333 0.206666666666667 0.148333333333333
1 0.884444444444444 0.773333333333333 0.193333333333333 0.156666666666667
1 0.671111111111111 0.626666666666667 0.146666666666667 0.128333333333333
1 0.34 0.416666666666667 0.164444444444444 0.12
1 0.133333333333333 0.168333333333333 0.157777777777778 0.125
1 0.0844444444444444 0.565 0.171111111111111 0.136666666666667
0 0.226666666666667 0.661666666666667 0.191111111111111 0.146666666666667
0 0.233333333333333 0.831666666666667 0.186666666666667 0.145
0 0.651111111111111 0.773333333333333 0.16 0.141666666666667
0 0.471111111111111 0.675 0.157777777777778 0.12
0 0.833333333333333 0.625 0.151111111111111 0.121666666666667
0 0.76 0.411666666666667 0.157777777777778 0.115
0 0.602222222222222 0.455 0.14 0.125
0 0.328888888888889 0.276666666666667 0.131111111111111 0.118333333333333
0 0.0777777777777778 0.423333333333333 0.157777777777778 0.121666666666667