0 0.164444444444444 0.716666666666667 0.22 0.166666666666667
0 0.64 0.593333333333333 0.18 0.161666666666667
0 0.413333333333333 0.513333333333333 0.202222222222222 0.143333333333333
0 0.122222222222222 0.519166666666667 0.244444444444444 0.185
0 0.408888888888889 0.353333333333333 0.168888888888889 0.138333333333333
0 0.808888888888889 0.413333333333333 0.18 0.136666666666667
0 0.515555555555556 0.233333333333333 0.173333333333333 0.163333333333333
0 0.682222222222222 0.165 0.18 0.131666666666667
1 0.182222222222222 0.206666666666667 0.222222222222222 0.156666666666667
1 0.427777777777778 0.676666666666667 0.233333333333333 0.183333333333333
1 0.896666666666667 0.559166666666667 0.202222222222222 0.155
1 0.631111111111111 0.433333333333333 0.168888888888889 0.14
1 0.853333333333333 0.27 0.195555555555556 0.12
1 0.673333333333333 0.29 0.202222222222222 0.138333333333333