0 0.562222222222222 0.886666666666667 0.311111111111111 0.226666666666667
0 0.734444444444444 0.650833333333333 0.26 0.181666666666667
0 0.503333333333333 0.528333333333333 0.215555555555556 0.166666666666667
0 0.393333333333333 0.34 0.266666666666667 0.196666666666667
0 0.413333333333333 0.15 0.235555555555556 0.181666666666667
0 0.862222222222222 0.23 0.246666666666667 0.171666666666667
1 0.267777777777778 0.494166666666667 0.255555555555556 0.198333333333333
1 0.773333333333333 0.403333333333333 0.257777777777778 0.166666666666667
1 0.68 0.0883333333333333 0.242222222222222 0.175
1 0.591111111111111 0.255 0.231111111111111 0.196666666666667
1 0.906666666666667 0.753333333333333 0.186666666666667 0.223333333333333