1 0.628888888888889 0.89 0.184444444444444 0.17
1 0.126666666666667 0.283333333333333 0.237777777777778 0.183333333333333
1 0.231111111111111 0.0983333333333333 0.206666666666667 0.173333333333333
1 0.451111111111111 0.14 0.193333333333333 0.165
0 0.377777777777778 0.293333333333333 0.197777777777778 0.146666666666667
0 0.565555555555556 0.299166666666667 0.175555555555556 0.151666666666667
0 0.486666666666667 0.53 0.222222222222222 0.161666666666667
0 0.54 0.721666666666667 0.233333333333333 0.175
0 0.413333333333333 0.91 0.228888888888889 0.18
0 0.155555555555556 0.846666666666667 0.284444444444444 0.218333333333333
0 0.284444444444444 0.616666666666667 0.228888888888889 0.181666666666667