1 0.6 0.703333333333333 0.206666666666667 0.166666666666667
1 0.735555555555556 0.498333333333333 0.195555555555556 0.163333333333333
1 0.113333333333333 0.573333333333333 0.215555555555556 0.173333333333333
1 0.502222222222222 0.431666666666667 0.191111111111111 0.158333333333333
0 0.322222222222222 0.805833333333333 0.222222222222222 0.171666666666667
0 0.657777777777778 0.303333333333333 0.157777777777778 0.15
0 0.33 0.5875 0.211111111111111 0.168333333333333
0 0.22 0.4 0.193333333333333 0.153333333333333
0 0.311111111111111 0.275 0.2 0.14
0 0.255555555555556 0.1 0.184444444444444 0.15
0 0.0622222222222222 0.253333333333333 0.124444444444444 0.168333333333333