0 0.645645645645646 0.8775 0.18018018018018 0.195
0 0.89039039039039 0.465 0.157657657657658 0.168333333333333
0 0.324324324324324 0.65 0.168168168168168 0.178333333333333
0 0.53978978978979 0.435833333333333 0.13963963963964 0.161666666666667
0 0.142642642642643 0.476666666666667 0.153153153153153 0.173333333333333
0 0.16966966966967 0.3075 0.141141141141141 0.165
0 0.0735735735735736 0.133333333333333 0.13963963963964 0.14
0 0.268768768768769 0.0766666666666667 0.163663663663664 0.153333333333333
0 0.315315315315315 0.241666666666667 0.141141141141141 0.153333333333333
1 0.8993993993994 0.266666666666667 0.141141141141141 0.153333333333333
1 0.692192192192192 0.715 0.15015015015015 0.178333333333333
1 0.501501501501502 0.63 0.151651651651652 0.18
1 0.714714714714715 0.461666666666667 0.127627627627628 0.15
1 0.713213213213213 0.315 0.13963963963964 0.151666666666667
1 0.5 0.238333333333333 0.168168168168168 0.16