0 0.655555555555556 0.775 0.184444444444444 0.145
0 0.828888888888889 0.626666666666667 0.175555555555556 0.123333333333333
0 0.762222222222222 0.413333333333333 0.173333333333333 0.11
0 0.602222222222222 0.451666666666667 0.155555555555556 0.128333333333333
0 0.328888888888889 0.28 0.128888888888889 0.116666666666667
0 0.0711111111111111 0.425 0.144444444444444 0.12
0 0.223333333333333 0.6625 0.197777777777778 0.135
0 0.473333333333333 0.673333333333333 0.168888888888889 0.125
0 0.228888888888889 0.835 0.175555555555556 0.143333333333333
1 0.671111111111111 0.628333333333333 0.144444444444444 0.125
1 0.0866666666666667 0.57 0.173333333333333 0.136666666666667
1 0.34 0.413333333333333 0.166666666666667 0.116666666666667
1 0.135555555555556 0.173333333333333 0.151111111111111 0.118333333333333
1 0.446666666666667 0.811666666666667 0.204444444444444 0.151666666666667
0 0.886666666666667 0.77 0.188888888888889 0.145