0 0.671111111111111 0.855 0.233333333333333 0.171666666666667
0 0.393333333333333 0.663333333333333 0.171111111111111 0.128333333333333
0 0.151111111111111 0.655 0.171111111111111 0.131666666666667
0 0.26 0.761666666666667 0.188888888888889 0.128333333333333
0 0.103333333333333 0.878333333333333 0.193333333333333 0.153333333333333
0 0.917777777777778 0.408333333333333 0.164444444444444 0.151666666666667
0 0.875555555555556 0.955 0.224444444444444 0.09
1 0.646666666666667 0.648333333333333 0.208888888888889 0.14
1 0.751111111111111 0.54 0.186666666666667 0.135
1 0.426666666666667 0.87 0.202222222222222 0.165
1 0.944444444444444 0.845 0.108888888888889 0.175