0 0.511111111111111 0.651666666666667 0.231111111111111 0.19
0 0.724444444444444 0.448333333333333 0.193333333333333 0.166666666666667
0 0.235555555555556 0.536666666666667 0.233333333333333 0.155
0 0.26 0.351666666666667 0.182222222222222 0.168333333333333
0 0.402222222222222 0.218333333333333 0.204444444444444 0.186666666666667
0 0.615555555555556 0.148333333333333 0.222222222222222 0.148333333333333
1 0.511111111111111 0.456666666666667 0.206666666666667 0.175
1 0.186666666666667 0.201666666666667 0.231111111111111 0.178333333333333
1 0.791111111111111 0.281666666666667 0.211111111111111 0.15
1 0.573333333333333 0.295 0.213333333333333 0.15
1 0.222222222222222 0.718333333333333 0.266666666666667 0.203333333333333
0 0.807777777777778 0.629166666666667 0.228888888888889 0.188333333333333