1 0.602222222222222 0.903333333333333 0.248888888888889 0.191666666666667
1 0.455555555555555 0.483333333333333 0.191111111111111 0.15
1 0.826666666666667 0.32 0.2 0.143333333333333
1 0.635555555555556 0.251666666666667 0.191111111111111 0.163333333333333
0 0.104444444444444 0.84 0.206666666666667 0.156666666666667
0 0.804444444444445 0.755 0.262222222222222 0.196666666666667
0 0.411111111111111 0.676666666666667 0.233333333333333 0.165
0 0.342222222222222 0.896666666666667 0.204444444444444 0.176666666666667
0 0.871111111111111 0.515 0.204444444444444 0.153333333333333
0 0.647777777777778 0.466666666666667 0.188888888888889 0.136666666666667
0 0.513333333333333 0.353333333333333 0.211111111111111 0.145