1 0.333333333333333 0.58 0.204444444444444 0.136666666666667
1 0.533333333333333 0.476666666666667 0.228888888888889 0.16
1 0.84 0.271666666666667 0.208888888888889 0.16
1 0.182222222222222 0.481666666666667 0.217777777777778 0.136666666666667
0 0.133333333333333 0.685 0.204444444444444 0.16
0 0.431111111111111 0.895 0.284444444444444 0.191666666666667
0 0.824444444444444 0.773333333333333 0.237777777777778 0.165
0 0.775555555555556 0.573333333333333 0.235555555555556 0.176666666666667
0 0.531111111111111 0.703333333333333 0.217777777777778 0.173333333333333
0 0.233333333333333 0.315 0.206666666666667 0.161666666666667
0 0.488888888888889 0.311666666666667 0.24 0.141666666666667
0 0.46 0.17 0.188888888888889 0.128333333333333