1 0.575555555555555 0.811666666666667 0.22 0.175
1 0.884444444444444 0.723333333333333 0.193333333333333 0.165
1 0.855555555555556 0.58 0.215555555555556 0.146666666666667
1 0.197777777777778 0.528333333333333 0.204444444444444 0.153333333333333
1 0.822222222222222 0.385 0.202222222222222 0.133333333333333
1 0.833333333333333 0.255 0.193333333333333 0.13
0 0.5 0.645 0.213333333333333 0.175
0 0.691111111111111 0.465 0.182222222222222 0.14
0 0.482222222222222 0.418333333333333 0.215555555555556 0.165
0 0.242222222222222 0.375 0.224444444444444 0.15
0 0.58 0.241666666666667 0.188888888888889 0.141666666666667