1 0.571111111111111 0.464166666666667 0.235555555555556 0.151666666666667
1 0.41 0.65 0.197777777777778 0.13
1 0.208888888888889 0.47 0.208888888888889 0.141666666666667
0 0.773333333333333 0.295 0.211111111111111 0.16
0 0.851111111111111 0.743333333333333 0.195555555555556 0.155
0 0.792222222222222 0.550833333333333 0.202222222222222 0.175
0 0.628888888888889 0.825 0.224444444444444 0.171666666666667
0 0.354444444444444 0.801666666666667 0.215555555555556 0.153333333333333
0 0.175555555555556 0.673333333333333 0.202222222222222 0.146666666666667
0 0.253333333333333 0.298333333333333 0.215555555555556 0.155
0 0.513333333333333 0.293333333333333 0.204444444444444 0.148333333333333
0 0.5 0.116666666666667 0.186666666666667 0.136666666666667
0 0.3 0.123333333333333 0.2 0.145