0 0.171111111111111 0.615 0.255555555555556 0.18
0 0.38 0.405 0.226666666666667 0.151666666666667
0 0.128888888888889 0.381666666666667 0.237777777777778 0.18
0 0.215555555555556 0.193333333333333 0.204444444444444 0.16
0 0.784444444444445 0.241666666666667 0.2 0.156666666666667
0 0.773333333333333 0.435 0.195555555555556 0.143333333333333
1 0.584444444444444 0.631666666666667 0.202222222222222 0.153333333333333
1 0.857777777777778 0.601666666666667 0.244444444444444 0.178333333333333
1 0.553333333333333 0.491666666666667 0.217777777777778 0.153333333333333
1 0.488888888888889 0.315 0.191111111111111 0.148333333333333
1 0.48 0.183333333333333 0.204444444444444 0.15
1 0.302222222222222 0.768333333333333 0.251111111111111 0.19