0 0.551111111111111 0.901666666666667 0.222222222222222 0.165
0 0.871111111111111 0.815 0.188888888888889 0.153333333333333
0 0.833333333333333 0.63 0.193333333333333 0.151666666666667
0 0.295555555555556 0.716666666666667 0.166666666666667 0.12
0 0.373333333333333 0.4 0.177777777777778 0.125
0 0.591111111111111 0.398333333333333 0.173333333333333 0.12
0 0.822222222222222 0.218333333333333 0.133333333333333 0.125
1 0.897777777777778 0.366666666666667 0.195555555555556 0.126666666666667
1 0.633333333333333 0.545 0.193333333333333 0.131666666666667
1 0.464444444444444 0.63 0.162222222222222 0.113333333333333
1 0.326666666666667 0.538333333333333 0.173333333333333 0.116666666666667
1 0.597777777777778 0.121666666666667 0.151111111111111 0.125