1 0.417777777777778 0.596666666666667 0.244444444444444 0.168333333333333
1 0.493333333333333 0.273333333333333 0.188888888888889 0.143333333333333
1 0.306666666666667 0.295 0.191111111111111 0.156666666666667
1 0.628888888888889 0.436666666666667 0.195555555555556 0.133333333333333
0 0.122222222222222 0.878333333333333 0.237777777777778 0.173333333333333
0 0.728888888888889 0.663333333333333 0.253333333333333 0.19
0 0.864444444444444 0.483333333333333 0.208888888888889 0.168333333333333
0 0.766666666666667 0.243333333333333 0.188888888888889 0.146666666666667
0 0.0955555555555556 0.193333333333333 0.191111111111111 0.143333333333333
0 0.135555555555556 0.443333333333333 0.257777777777778 0.165
0 0.155555555555556 0.635 0.22 0.156666666666667