1 0.6 0.901666666666667 0.244444444444444 0.196666666666667
1 0.82 0.3175 0.2 0.138333333333333
1 0.635555555555556 0.246666666666667 0.188888888888889 0.165
1 0.46 0.485 0.204444444444444 0.156666666666667
0 0.106666666666667 0.843333333333333 0.186666666666667 0.163333333333333
0 0.341111111111111 0.899166666666667 0.215555555555556 0.181666666666667
0 0.802222222222222 0.753333333333333 0.244444444444444 0.196666666666667
0 0.415555555555556 0.675 0.228888888888889 0.166666666666667
0 0.868888888888889 0.52 0.204444444444444 0.156666666666667
0 0.657777777777778 0.468333333333333 0.195555555555556 0.146666666666667
0 0.506666666666667 0.355 0.217777777777778 0.146666666666667