0 0.504444444444444 0.65 0.226666666666667 0.183333333333333
0 0.233333333333333 0.536666666666667 0.231111111111111 0.158333333333333
0 0.257777777777778 0.356666666666667 0.186666666666667 0.166666666666667
0 0.408888888888889 0.22 0.2 0.188333333333333
0 0.613333333333333 0.15 0.222222222222222 0.15
0 0.724444444444444 0.448333333333333 0.204444444444444 0.165
1 0.228888888888889 0.723333333333333 0.286666666666667 0.205
1 0.807777777777778 0.624166666666667 0.233333333333333 0.185
1 0.513333333333333 0.46 0.186666666666667 0.165
1 0.784444444444445 0.278333333333333 0.206666666666667 0.145
1 0.194444444444444 0.2025 0.228888888888889 0.175
1 0.573333333333333 0.293333333333333 0.213333333333333 0.151666666666667