1 0.508888888888889 0.741666666666667 0.164444444444444 0.126666666666667
1 0.691111111111111 0.796666666666667 0.155555555555556 0.135
1 0.713333333333333 0.628333333333333 0.128888888888889 0.105
1 0.71 0.528333333333333 0.148888888888889 0.103333333333333
1 0.893333333333333 0.493333333333333 0.151111111111111 0.103333333333333
1 0.495555555555556 0.483333333333333 0.166666666666667 0.105
1 0.546666666666667 0.615 0.151111111111111 0.11
0 0.897777777777778 0.636666666666667 0.18 0.113333333333333
0 0.64 0.908333333333333 0.182222222222222 0.138333333333333
0 0.32 0.753333333333333 0.175555555555556 0.12
0 0.146666666666667 0.64 0.16 0.115
0 0.171111111111111 0.53 0.162222222222222 0.116666666666667
0 0.32 0.481666666666667 0.137777777777778 0.115
0 0.277777777777778 0.37 0.153333333333333 0.108333333333333
0 0.0822222222222222 0.413333333333333 0.157777777777778 0.106666666666667