1 0.126666666666667 0.57 0.224444444444444 0.143333333333333
1 0.257777777777778 0.143333333333333 0.191111111111111 0.158333333333333
1 0.486666666666667 0.43 0.197777777777778 0.148333333333333
0 0.784444444444445 0.383333333333333 0.215555555555556 0.153333333333333
0 0.548888888888889 0.651666666666667 0.244444444444444 0.18
0 0.428888888888889 0.846666666666667 0.246666666666667 0.185
0 0.211111111111111 0.715 0.246666666666667 0.181666666666667
0 0.246666666666667 0.455 0.242222222222222 0.163333333333333
0 0.384444444444444 0.279166666666667 0.217777777777778 0.165
0 0.482222222222222 0.17 0.177777777777778 0.17
0 0.755555555555556 0.205 0.202222222222222 0.161666666666667