0 0.48 0.736666666666667 0.202222222222222 0.141666666666667
0 0.582222222222222 0.571666666666667 0.155555555555556 0.125
0 0.804444444444445 0.53 0.155555555555556 0.135
0 0.675555555555556 0.43 0.164444444444444 0.125
0 0.615555555555556 0.305 0.148888888888889 0.118333333333333
0 0.264444444444444 0.333333333333333 0.164444444444444 0.103333333333333
0 0.235555555555556 0.426666666666667 0.155555555555556 0.113333333333333
0 0.378888888888889 0.538333333333333 0.153333333333333 0.116666666666667
1 0.757777777777778 0.705 0.157777777777778 0.123333333333333
1 0.486666666666667 0.426666666666667 0.128888888888889 0.113333333333333
1 0.0844444444444444 0.345 0.171111111111111 0.12
1 0.173333333333333 0.595 0.175555555555556 0.131666666666667
1 0.78 0.335 0.162222222222222 0.118333333333333