0 0.5 0.646666666666667 0.204444444444444 0.166666666666667
0 0.697777777777778 0.46 0.171111111111111 0.133333333333333
0 0.477777777777778 0.416666666666667 0.197777777777778 0.155
0 0.257777777777778 0.375 0.197777777777778 0.14
0 0.577777777777778 0.245 0.182222222222222 0.135
1 0.204444444444444 0.526666666666667 0.191111111111111 0.146666666666667
1 0.591111111111111 0.808333333333333 0.213333333333333 0.175
1 0.877777777777778 0.713333333333333 0.204444444444444 0.141666666666667
1 0.862222222222222 0.576666666666667 0.197777777777778 0.135
1 0.824444444444444 0.383333333333333 0.168888888888889 0.126666666666667
1 0.835555555555556 0.256666666666667 0.18 0.128333333333333