0 0.377777777777778 0.588333333333333 0.244444444444444 0.191666666666667
0 0.588888888888889 0.718333333333333 0.217777777777778 0.16
0 0.486666666666667 0.906666666666667 0.246666666666667 0.185
0 0.113333333333333 0.383333333333333 0.226666666666667 0.18
0 0.435555555555556 0.161666666666667 0.204444444444444 0.168333333333333
0 0.467777777777778 0.315 0.175555555555556 0.153333333333333
0 0.597777777777778 0.446666666666667 0.2 0.131666666666667
1 0.153333333333333 0.885 0.226666666666667 0.171666666666667
1 0.748888888888889 0.56 0.242222222222222 0.165
1 0.704444444444444 0.2725 0.2 0.145
1 0.622222222222222 0.13 0.177777777777778 0.166666666666667
1 0.293333333333333 0.245 0.211111111111111 0.161666666666667
1 0.0888888888888889 0.635 0.177777777777778 0.206666666666667