1 0.331111111111111 0.908333333333333 0.171111111111111 0.13
1 0.282222222222222 0.736666666666667 0.164444444444444 0.138333333333333
1 0.108888888888889 0.735 0.171111111111111 0.12
1 0.133333333333333 0.575 0.204444444444444 0.143333333333333
1 0.368888888888889 0.533333333333333 0.206666666666667 0.153333333333333
0 0.106666666666667 0.901666666666667 0.197777777777778 0.16
0 0.553333333333333 0.328333333333333 0.18 0.146666666666667
0 0.368888888888889 0.368333333333333 0.18 0.136666666666667
0 0.106666666666667 0.205 0.2 0.138333333333333
0 0.288888888888889 0.233333333333333 0.197777777777778 0.148333333333333
0 0.493333333333333 0.146666666666667 0.157777777777778 0.138333333333333