1 0.673333333333333 0.763333333333333 0.235555555555556 0.168333333333333
1 0.882222222222222 0.54 0.177777777777778 0.135
1 0.908888888888889 0.401666666666667 0.18 0.135
1 0.611111111111111 0.336666666666667 0.195555555555556 0.148333333333333
1 0.157777777777778 0.52 0.228888888888889 0.16
0 0.66 0.613333333333333 0.186666666666667 0.128333333333333
0 0.197777777777778 0.8975 0.235555555555556 0.168333333333333
0 0.428888888888889 0.804166666666667 0.191111111111111 0.151666666666667
0 0.38 0.613333333333333 0.226666666666667 0.16
0 0.106666666666667 0.17 0.213333333333333 0.133333333333333
0 0.108888888888889 0.348333333333333 0.22 0.145
0 0.38 0.348333333333333 0.204444444444444 0.16
0 0.664444444444445 0.46 0.164444444444444 0.135
0 0.777777777777778 0.336666666666667 0.171111111111111 0.166666666666667