0 0.58 0.725 0.171111111111111 0.123333333333333
0 0.391111111111111 0.643333333333333 0.162222222222222 0.125
0 0.64 0.603333333333333 0.155555555555556 0.106666666666667
0 0.886666666666667 0.65 0.151111111111111 0.108333333333333
0 0.924444444444445 0.541666666666667 0.14 0.106666666666667
0 0.0933333333333333 0.918333333333333 0.188888888888889 0.143333333333333
1 0.863333333333333 0.8175 0.193333333333333 0.151666666666667
1 0.528888888888889 0.885 0.197777777777778 0.158333333333333
1 0.315555555555556 0.903333333333333 0.18 0.131666666666667
1 0.255555555555556 0.763333333333333 0.177777777777778 0.133333333333333
1 0.742222222222222 0.48 0.155555555555556 0.105