1 0.902222222222222 0.843333333333333 0.193333333333333 0.166666666666667
1 0.902222222222222 0.483333333333333 0.175555555555556 0.138333333333333
1 0.642222222222222 0.278333333333333 0.175555555555556 0.16
1 0.866666666666667 0.316666666666667 0.197777777777778 0.143333333333333
1 0.426666666666667 0.553333333333333 0.195555555555556 0.143333333333333
1 0.242222222222222 0.641666666666667 0.213333333333333 0.123333333333333
0 0.251111111111111 0.845 0.211111111111111 0.18
0 0.68 0.831666666666667 0.202222222222222 0.161666666666667
0 0.42 0.74 0.202222222222222 0.131666666666667
0 0.651111111111111 0.628333333333333 0.202222222222222 0.151666666666667
0 0.72 0.471666666666667 0.182222222222222 0.146666666666667
0 0.246666666666667 0.45 0.202222222222222 0.146666666666667