0 0.617777777777778 0.823333333333333 0.208888888888889 0.18
0 0.397777777777778 0.718333333333333 0.182222222222222 0.135
0 0.113333333333333 0.718333333333333 0.228888888888889 0.168333333333333
0 0.12 0.918333333333333 0.242222222222222 0.163333333333333
0 0.753333333333333 0.511666666666667 0.193333333333333 0.156666666666667
0 0.188888888888889 0.241666666666667 0.157777777777778 0.138333333333333
0 0.448888888888889 0.368333333333333 0.204444444444444 0.163333333333333
1 0.213333333333333 0.41 0.193333333333333 0.141666666666667
1 0.628888888888889 0.646666666666667 0.177777777777778 0.141666666666667
1 0.466666666666667 0.535 0.202222222222222 0.14
1 0.38 0.888333333333333 0.24 0.19