0 0.467777777777778 0.8525 0.202222222222222 0.141666666666667
0 0.648888888888889 0.726666666666667 0.208888888888889 0.163333333333333
0 0.64 0.515 0.2 0.135
0 0.686666666666667 0.34 0.186666666666667 0.125
0 0.335555555555556 0.541666666666667 0.188888888888889 0.15
0 0.253333333333333 0.780833333333333 0.2 0.141666666666667
0 0.242222222222222 0.341666666666667 0.206666666666667 0.161666666666667
0 0.388888888888889 0.173333333333333 0.202222222222222 0.158333333333333
1 0.646666666666667 0.14 0.191111111111111 0.16
1 0.482222222222222 0.405 0.173333333333333 0.168333333333333
1 0.2 0.166666666666667 0.202222222222222 0.145
1 0.446666666666667 0.661666666666667 0.191111111111111 0.143333333333333
1 0.711111111111111 0.91 0.193333333333333 0.165