1 0.522222222222222 0.641666666666667 0.191111111111111 0.163333333333333
1 0.673333333333333 0.571666666666667 0.153333333333333 0.121666666666667
1 0.115555555555556 0.431666666666667 0.222222222222222 0.141666666666667
1 0.593333333333333 0.38 0.157777777777778 0.135
1 0.786666666666667 0.758333333333333 0.202222222222222 0.151666666666667
1 0.58 0.218333333333333 0.18 0.145
0 0.411111111111111 0.361666666666667 0.191111111111111 0.138333333333333
0 0.744444444444444 0.428333333333333 0.177777777777778 0.123333333333333
0 0.815555555555556 0.57 0.173333333333333 0.14
0 0.331111111111111 0.51 0.191111111111111 0.143333333333333
0 0.102222222222222 0.613333333333333 0.206666666666667 0.15
0 0.333333333333333 0.685 0.197777777777778 0.14
0 0.293333333333333 0.87 0.202222222222222 0.136666666666667
0 0.551111111111111 0.84 0.213333333333333 0.146666666666667