1 0.653333333333333 0.761666666666667 0.231111111111111 0.166666666666667
1 0.88 0.536666666666667 0.171111111111111 0.15
1 0.911111111111111 0.398333333333333 0.173333333333333 0.13
1 0.157777777777778 0.52 0.237777777777778 0.153333333333333
1 0.604444444444444 0.333333333333333 0.18 0.145
0 0.191111111111111 0.896666666666667 0.248888888888889 0.171666666666667
0 0.424444444444444 0.806666666666667 0.202222222222222 0.166666666666667
0 0.378888888888889 0.615833333333333 0.224444444444444 0.158333333333333
0 0.655555555555556 0.613333333333333 0.193333333333333 0.131666666666667
0 0.66 0.458333333333333 0.162222222222222 0.131666666666667
0 0.777777777777778 0.346666666666667 0.164444444444444 0.156666666666667
0 0.113333333333333 0.175 0.197777777777778 0.126666666666667
0 0.377777777777778 0.35 0.206666666666667 0.163333333333333
0 0.108888888888889 0.351666666666667 0.217777777777778 0.153333333333333