0 0.837777777777778 0.903333333333333 0.235555555555556 0.191666666666667
0 0.546666666666667 0.881666666666667 0.237777777777778 0.198333333333333
0 0.608888888888889 0.643333333333333 0.197777777777778 0.151666666666667
0 0.797777777777778 0.471666666666667 0.235555555555556 0.163333333333333
0 0.248888888888889 0.461666666666667 0.222222222222222 0.15
0 0.195555555555556 0.306666666666667 0.191111111111111 0.156666666666667
0 0.58 0.278333333333333 0.197777777777778 0.145
0 0.397777777777778 0.59 0.204444444444444 0.136666666666667
0 0.166666666666667 0.811666666666667 0.268888888888889 0.193333333333333
1 0.194444444444444 0.6075 0.224444444444444 0.165
1 0.56 0.431666666666667 0.208888888888889 0.14
1 0.386666666666667 0.201666666666667 0.184444444444444 0.158333333333333
1 0.371111111111111 0.361666666666667 0.193333333333333 0.161666666666667
1 0.853333333333333 0.676666666666667 0.251111111111111 0.191666666666667