0 0.62 0.756666666666667 0.182222222222222 0.151666666666667
0 0.402222222222222 0.656666666666667 0.184444444444444 0.125
0 0.14 0.655 0.228888888888889 0.156666666666667
0 0.148888888888889 0.838333333333333 0.208888888888889 0.171666666666667
0 0.466666666666667 0.33 0.188888888888889 0.155
0 0.224444444444444 0.211666666666667 0.153333333333333 0.125
0 0.226666666666667 0.0933333333333333 0.171111111111111 0.118333333333333
1 0.393333333333333 0.806666666666667 0.206666666666667 0.16
1 0.637777777777778 0.591666666666667 0.168888888888889 0.136666666666667
1 0.246666666666667 0.368333333333333 0.2 0.13
1 0.0466666666666667 0.105 0.0955555555555556 0.14