0 0.171111111111111 0.706666666666667 0.202222222222222 0.151666666666667
0 0.377777777777778 0.628333333333333 0.166666666666667 0.155
0 0.62 0.649166666666667 0.217777777777778 0.151666666666667
0 0.82 0.7825 0.182222222222222 0.135
0 0.624444444444444 0.388333333333333 0.16 0.118333333333333
0 0.706666666666667 0.308333333333333 0.14 0.11
0 0.464444444444444 0.318333333333333 0.153333333333333 0.113333333333333
0 0.16 0.481666666666667 0.164444444444444 0.108333333333333
0 0.508888888888889 0.795 0.177777777777778 0.143333333333333
1 0.322222222222222 0.39 0.155555555555556 0.113333333333333
1 0.542222222222222 0.501666666666667 0.184444444444444 0.123333333333333
1 0.844444444444445 0.61 0.168888888888889 0.145
1 0.72 0.895 0.226666666666667 0.19
1 0.348888888888889 0.495 0.153333333333333 0.116666666666667