0 0.385232744783307 0.823333333333333 0.199036918138042 0.208333333333333
0 0.101123595505618 0.891666666666667 0.203852327447833 0.216666666666667
0 0.142857142857143 0.583333333333333 0.192616372391653 0.19
0 0.728731942215088 0.425 0.163723916532905 0.188333333333333
0 0.861958266452649 0.305 0.1669341894061 0.166666666666667
0 0.630818619582665 0.201666666666667 0.14446227929374 0.171666666666667
0 0.184590690208668 0.345 0.199036918138042 0.186666666666667
0 0.113964686998395 0.131666666666667 0.179775280898876 0.17
0 0.898876404494382 0.61 0.20545746388443 0.206666666666667
1 0.369181380417335 0.55 0.20545746388443 0.203333333333333
1 0.637239165329053 0.696666666666667 0.181380417335473 0.203333333333333
1 0.52808988764045 0.371666666666667 0.14446227929374 0.151666666666667
1 0.436597110754414 0.19 0.158908507223114 0.155
1 0.289727126805779 0.1925 0.165329052969502 0.168333333333333